0
0
0
0
0
0
0
0
0
0
0
0
0
0
0
0
0
0
0
0
0
0
0
0
0
0
0
0
0
0
0
0
0
0
0
0
0
0
0
0
0
0
0
0
0
0
0
0
0
0
0
0
0
0
0
0
0
0
0
0
0
0
0
0
0
0
0
0
0
0
0
0
0
0
0
0
0
0
0
0
0
0
0
0
0
0
0
0
0
0
0
0
0
0
0
0
0
0
0
0
0
0
0
0
0
0
0
0
0
0
0
0
0
0
0
0
0
0
0
0
0
0
0
0
0
0
0
0
0
0
0
0
0
0
0
0
0
0
0
0
0
0
0
0
0
0
0
0
0
0
0
0
0
0
0
0
0
0
0
0
0
0
0
0
0
0
0
0
0
0
0
0
0
0
0
0
0
0
0
0
0
0
0
0
0
0
0
0
0
0
0
0
2
9
93
576
1059
1255
1287
1294
1387
1327
1336
1335
1367
1315
1309
1301
1283
1238
1244
1192
1238
1192
1214
1287
1325
1228
1158
1231
1222
1198
1307
1199
1180
1172
1206
1176
1150
1141
1178
1212
1207
1126
1135
1113
1111
1126
1086
1174
1198
1070
1116
1130
1125
1033
1045
1029
1134
1000
1136
1049
1118
1077
1028
1059
1165
1048
1077
1089
1037
1046
1075
1050
1095
1061
1057
1001
1063
1032
1091
1003
1000
1075
951
932
1009
1004
1046
995
1017
985
1054
996
1056
982
1010
972
1003
903
983
974
1004
902
1002
995
1016
976
900
979
930
942
957
881
973
935
983
918
953
893
963
894
918
899
909
859
925
891
899
857
940
928
899
867
907
897
907
903
916
839
904
848
852
861
876
854
855
818
859
896
889
840
870
845
879
812
894
815
860
862
827
855
897
798
900
818
864
869
858
847
883
833
824
813
873
769
817
802
840
779
837
812
786
795
797
803
820
822
867
772
771
793
813
871
823
819
784
812
800
744
836
833
837
793
763
751
838
770
791
843
796
832
805
822
814
754
806
780
772
746
777
800
761
757
774
779
794
819
793
756
764
752
781
797
810
745
783
793
788
724
796
785
769
733
834
740
787
798
755
794
806
771
788
784
800
710
771
833
812
781
748
744
805
779
817
767
876
769
737
771
797
725
808
753
773
757
819
799
771
812
748
809
857
770
803
805
776
753
776
808
803
847
864
824
799
773
830
810
854
820
819
822
822
839
874
870
859
752
840
768
807
789
861
843
909
889
871
877
807
818
837
822
879
785
827
774
808
829
821
796
794
763
773
818
765
788
805
860
789
816
854
871
800
790
893
825
764
803
775
837
808
793
791
821
766
804
811
750
818
818
863
785
850
812
797
755
868
763
848
847
881
835
858
837
886
833
852
789
848
848
780
764
828
821
840
876
836
796
880
806
863
778
889
821
818
769
833
831
737
848
839
815
870
821
826
818
845
787
870
840
854
815
801
872
781
823
828
783
899
820
820
819
811
760
782
813
847
834
842
817
774
783
837
820
823
835
832
760
785
759
804
826
842
823
817
864
849
815
818
823
829
840
797
795
814
736
815
824
851
807
844
711
789
792
787
864
829
840
827
801
803
782
869
763
823
778
870
788
807
786
824
754
781
793
809
745
825
819
764
809
825
771
818
785
796
758
814
820
810
837
829
746
827
792
804
803
831
722
759
856
765
772
824
821
798
789
789
789
759
788
805
806
830
766
807
767
763
769
809
791
828
782
785
814
786
802
767
790
790
805
769
775
739
818
798
813
718
745
823
755
770
719
805
737
824
755
802
761
759
727
803
761
793
815
768
740
791
747
798
772
769
774
799
776
757
770
739
718
829
779
808
744
721
747
770
743
785
715
793
796
733
741
776
740
771
793
767
725
809
785
702
730
814
792
766
751
766
732
740
763
784
766
821
800
797
742
820
772
749
721
748
763
775
753
749
756
774
699
749
787
782
744
748
744
816
787
732
762
705
776
687
733
764
737
781
727
741
695
765
788
781
708
685
686
713
700
717
721
706
707
774
755
736
655
779
707
753
754
711
687
759
658
736
740
728
726
732
686
664
742
689
716
764
694
731
703
736
666
718
690
778
735
716
727
666
651
716
733
735
700
672
710
711
663
710
725
722
657
696
701
688
719
688
701
728
665
706
731
752
659
741
683
718
656
671
696
715
665
689
731
671
670
703
681
703
672
685
733
679
662
674
643
701
697
733
643
687
722
751
649
696
662
698
694
701
653
673
682
689
654
689
661
745
653
689
666
668
630
646
649
663
707
724
601
707
685
645
689
684
671
685
638
682
633
720
681
660
670
640
610
657
690
647
634
663
652
621
640
680
649
647
657
694
625
645
619
669
629
664
617
645
638
685
596
651
648
627
686
643
629
643
635
640
629
677
681
639
641
705
660
658
622
665
662
728
629
617
616
675
632
643
635
674
583
618
636
613
645
618
617
628
642
656
622
627
626
650
592
627
637
674
679
609
605
648
609
602
595
583
649
595
630
580
623
605
627
612
657
636
559
670
621
699
553
676
535
593
627
601
615
655
568
622
618
640
574
620
581
569
601
624
551
609
577
583
662
581
609
574
595
575
582
604
638
614
596
599
601
621
557
581
620
639
570
589
672
548
588
582
586
596
574
635
602
583
611
608
611
622
609
634
585
582
554
556
595
611
556
606
586
602
571
596
571
540
569
585
576
563
600
566
571
609
572
590
588
511
544
551
571
541
592
547
611
596
564
615
576
599
551
529
575
577
590
520
584
616
560
555
568
561
556
581
591
567
570
533
580
541
526
612
555
614
545
581
563
547
513
586
608
550
524
540
580
552
606
557
535
573
558
547
566
574
519
587
595
573
570
564
576
527
541
601
552
589
603
532
588
560
613
526
557
598
566
588
530
586
557
614
571
570
539
562
582
556
579
578
595
579
559
590
563
586
557
563
602
596
596
659
632
608
591
627
608
652
593
598
621
616
615
615
645
651
636
595
642
595
605
650
680
661
630
623
689
581
616
647
647
628
683
659
663
653
627
658
662
660
607
694
699
656
613
654
689
709
638
698
637
655
662
638
633
632
674
602
636
616
615
622
610
664
592
583
594
595
632
596
620
648
560
593
609
584
588
589
603
608
579
588
639
575
590
614
601
580
600
621
582
562
592
591
590
641
581
569
541
525
564
584
545
582
534
600
563
503
553
601
559
552
527
577
566
592
525
581
510
571
540
551
556
561
486
575
500
539
507
551
546
544
574
514
522
562
572
536
498
519
518
543
518
552
540
536
498
476
533
521
536
579
483
528
521
552
529
526
503
502
508
498
492
478
516
588
596
679
730
849
860
886
719
651
609
553
509
486
497
514
509
512
515
558
510
537
531
576
543
555
538
533
491
509
464
486
495
475
510
502
463
469
445
538
486
499
476
466
439
459
479
481
471
412
454
476
437
490
456
456
464
459
479
489
433
469
479
425
441
506
436
470
473
465
433
466
467
462
452
465
456
437
461
428
488
464
450
471
431
439
484
428
417
433
425
460
439
442
426
427
430
450
447
446
448
440
441
411
428
423
419
435
399
470
439
420
387
433
429
449
419
413
429
458
441
424
403
476
413
399
415
403
412
410
415
408
424
406
405
448
419
416
426
415
407
424
422
396
403
400
400
439
372
407
442
395
392
416
393
455
421
424
400
390
398
444
442
395
377
420
349
429
412
394
440
416
375
445
425
386
393
414
389
414
376
399
377
430
376
450
437
450
419
395
409
393
360
429
386
407
406
372
385
361
366
382
387
412
378
377
368
417
410
392
392
408
362
430
405
394
342
383
370
402
380
378
366
369
414
393
410
365
361
401
417
353
418
399
375
386
346
369
321
313
409
369
371
395
369
397
392
364
363
377
348
398
389
402
383
382
344
338
370
388
380
364
330
340
330
316
339
348
330
379
371
371
336
365
319
351
331
391
354
355
377
354
356
353
336
351
342
357
361
339
331
367
396
380
357
362
358
352
338
324
342
335
385
335
369
348
340
357
335
351
375
370
300
338
348
356
348
357
298
335
332
323
359
355
349
383
423
420
420
468
439
410
400
382
326
346
310
349
345
344
332
368
333
326
325
319
356
318
303
282
319
337
291
337
360
333
347
345
318
334
344
339
353
349
317
355
335
307
305
330
340
347
333
326
324
331
315
313
327
307
349
295
307
328
327
294
339
342
281
342
303
340
297
333
348
332
296
334
318
305
329
334
349
295
297
319
297
305
340
323
334
323
338
370
353
374
369
385
326
297
320
302
325
288
301
328
311
336
296
291
320
308
267
322
317
307
318
294
304
315
308
323
327
327
301
274
320
316
295
313
324
300
295
325
271
287
314
314
315
318
299
293
299
297
284
345
314
308
316
311
307
337
268
305
310
330
299
292
278
334
325
334
323
335
301
310
287
305
263
296
316
324
297
287
276
279
279
272
318
300
291
318
288
306
301
279
305
325
316
297
288
259
272
292
328
322
301
302
309
268
294
273
307
295
273
297
282
297
286
287
298
288
270
318
272
274
273
324
344
303
310
312
286
310
288
301
301
319
294
304
270
284
270
293
294
297
278
277
280
278
248
283
283
264
261
292
293
302
288
318
318
318
331
355
369
363
353
295
294
304
271
272
270
293
290
283
271
285
279
258
289
305
289
315
269
319
242
286
288
281
317
255
314
277
262
291
273
293
269
277
292
258
277
302
295
279
273
288
263
280
307
267
292
290
271
267
289
276
276
279
309
262
305
275
261
262
267
273
289
269
287
293
276
258
283
295
298
351
333
364
436
456
464
449
385
351
296
294
269
283
261
283
267
274
260
277
287
265
259
263
267
263
251
245
270
271
253
296
268
292
264
292
243
243
263
245
251
244
276
263
294
268
247
269
280
294
260
250
233
240
261
275
276
272
258
276
255
254
239
246
258
248
258
272
282
284
249
258
291
234
224
258
260
266
289
262
232
237
261
237
268
226
233
219
249
263
223
245
267
285
266
251
278
250
243
277
245
238
235
257
255
244
292
259
265
268
260
252
258
298
234
275
264
256
230
235
287
252
263
266
229
265
271
248
238
275
241
249
251
231
215
247
222
261
255
262
283
235
263
245
242
250
267
222
265
268
241
251
249
241
242
245
236
243
250
256
258
247
223
237
252
261
237
265
254
251
237
258
288
251
247
257
248
252
251
257
243
251
260
263
218
267
263
245
248
288
244
271
245
255
245
254
233
264
226
243
242
243
250
239
245
268
246
270
273
252
212
256
238
265
242
267
231
249
273
234
253
258
257
253
258
245
256
242
246
238
255
243
235
231
289
223
212
275
215
242
233
261
250
229
247
262
233
243
253
246
228
257
239
271
231
255
235
254
236
265
248
270
261
229
250
251
239
222
227
225
278
229
259
235
239
228
248
229
212
213
242
281
241
215
247
234
219
255
254
226
228
270
225
251
244
225
235
225
255
235
239
238
249
269
257
258
244
247
191
254
244
277
239
264
243
225
222
239
244
247
214
246
211
240
267
229
234
243
226
243
253
233
226
243
233
262
236
230
220
234
234
219
240
214
241
226
215
234
205
249
248
213
243
240
234
209
216
243
233
264
226
214
227
254
245
222
229
258
212
246
196
262
246
231
212
219
231
225
250
207
245
193
240
260
224
244
203
227
214
225
247
222
211
218
242
219
215
214
216
266
254
222
212
228
240
234
210
246
241
243
211
246
241
252
228
245
230
232
232
206
249
240
231
214
214
223
220
240
207
248
237
226
241
240
239
243
207
247
219
249
222
237
207
240
213
231
232
230
213
242
213
197
244
226
223
234
216
225
230
206
236
244
199
213
200
232
201
229
221
210
222
226
196
212
235
188
248
220
196
226
227
230
201
239
213
209
223
225
201
222
204
210
229
233
209
223
207
231
209
256
243
202
232
237
221
222
216
242
239
242
201
212
204
245
222
216
239
225
243
201
219
222
224
247
221
231
225
216
208
218
202
211
251
230
220
233
227
237
242
210
226
205
213
224
226
214
207
256
222
245
202
218
212
215
225
202
237
218
196
210
223
209
212
213
214
239
194
225
238
204
211
205
214
233
205
216
235
243
231
239
222
228
233
216
211
230
202
187
194
196
187
227
237
210
211
193
210
217
187
248
228
213
214
217
213
220
219
211
191
227
220
231
212
215
223
218
229
221
188
228
230
226
189
200
204
215
212
218
213
198
191
233
200
198
220
210
224
245
235
246
249
259
224
238
206
227
228
213
209
219
224
210
214
197
205
203
221
207
182
211
240
202
197
199
207
221
212
211
223
218
219
197
189
224
220
227
186
173
202
204
237
232
197
234
232
211
190
214
216
198
194
222
210
210
192
219
256
202
201
215
202
209
234
202
218
221
168
225
196
228
224
234
190
215
260
222
210
214
210
200
203
192
194
190
195
206
222
208
208
201
197
190
197
207
217
213
181
162
212
225
182
232
219
208
206
194
227
176
220
264
191
207
216
201
178
240
232
188
209
222
223
223
199
207
215
209
208
200
179
200
213
210
213
223
193
190
200
196
187
197
206
223
159
198
230
205
210
200
209
200
209
189
198
207
237
219
196
204
191
206
197
197
196
229
216
232
216
209
191
207
203
201
189
201
175
203
205
232
201
224
220
190
198
180
205
174
221
216
197
213
170
211
206
212
195
212
220
209
193
208
202
174
206
181
206
240
200
203
214
178
183
206
210
224
203
236
180
192
199
222
212
206
167
191
215
187
171
200
209
231
203
218
166
217
195
232
231
194
206
182
212
220
198
217
192
188
196
207
188
196
211
186
185
228
183
201
221
233
197
210
182
269
221
251
213
232
248
264
277
319
313
291
307
264
288
266
262
282
237
250
209
247
193
212
227
214
200
202
175
165
182
214
187
199
186
202
186
194
198
206
197
193
213
197
197
178
181
194
210
189
223
205
181
197
162
208
196
184
178
195
221
171
197
204
198
197
192
206
190
216
185
207
224
201
182
198
204
187
196
204
211
189
226
184
178
203
182
184
195
190
161
181
187
168
177
205
207
217
198
188
187
210
198
211
193
217
190
201
201
198
215
171
180
198
162
215
175
186
195
181
180
218
189
220
212
206
207
206
223
210
203
206
211
184
157
189
196
207
197
198
188
171
195
223
202
218
182
195
189
204
177
195
191
192
198
194
190
195
182
183
218
209
217
191
191
181
180
202
214
188
175
200
239
183
198
183
174
219
176
190
193
174
180
195
191
195
162
217
197
169
206
171
180
224
166
173
158
188
161
198
197
245
192
200
206
198
187
202
191
222
200
216
164
179
221
174
191
238
182
198
207
205
181
193
178
227
200
168
196
197
200
202
203
243
194
172
183
196
190
193
171
192
167
202
219
198
181
213
210
198
195
199
187
211
204
198
201
177
200
194
205
202
179
179
198
185
192
182
191
173
183
205
191
206
178
208
185
216
184
182
187
208
200
202
192
182
182
182
201
190
179
182
188
222
190
178
200
199
174
210
187
211
182
195
203
195
195
206
208
182
200
217
195
205
204
194
199
175
191
189
182
185
214
196
184
196
183
190
198
227
190
169
188
200
186
200
190
187
194
190
187
215
197
205
220
203
187
209
178
186
186
203
200
209
163
186
178
175
190
212
194
226
208
178
204
186
197
199
188
185
192
190
185
190
201
191
168
208
189
207
204
206
190
185
201
178
202
190
185
186
193
210
189
198
199
189
207
190
180
178
225
208
201
186
195
186
177
200
192
205
172
197
209
200
211
174
196
189
204
251
233
297
292
341
294
327
282
273
236
246
208
191
195
180
186
211
181
191
229
187
191
225
213
188
197
199
173
198
177
176
186
226
199
196
197
183
190
214
171
190
207
208
193
176
204
186
193
172
205
180
199
203
171
194
186
199
184
195
186
173
202
197
206
180
179
203
214
200
199
164
178
201
180
182
211
181
205
194
194
217
196
198
193
194
180
183
163
203
176
214
180
192
183
190
192
203
177
203
175
194
192
185
190
190
191
183
175
223
195
181
191
181
178
187
177
184
204
197
175
181
201
170
189
193
186
185
185
205
178
189
174
194
205
190
186
193
181
196
163
195
185
233
194
213
181
204
225
246
257
266
329
354
323
381
307
274
251
250
236
192
206
211
197
183
191
188
175
184
204
218
194
194
192
202
182
194
193
198
175
204
206
202
158
212
186
171
197
183
179
190
219
172
214
197
187
198
210
179
191
185
182
170
170
217
190
166
178
179
179
185
181
171
178
213
196
203
184
190
181
181
193
196
151
172
197
225
180
173
200
203
200
198
193
173
175
212
190
180
171
188
195
159
178
187
192
223
184
172
165
198
191
187
188
201
215
169
183
213
188
210
200
186
176
170
180
151
197
195
197
224
178
169
177
193
157
200
196
168
181
198
199
192
200
185
199
217
193
186
189
195
193
191
185
159
179
184
181
168
189
209
213
164
183
198
202
187
209
191
193
201
193
189
179
173
167
197
180
190
199
216
186
169
175
196
199
202
163
184
192
180
200
174
195
202
158
199
186
203
189
216
207
179
182
174
154
175
203
162
191
187
205
212
200
213
170
168
193
188
196
187
190
162
178
181
186
208
163
185
190
168
196
203
177
211
185
197
206
202
183
201
169
196
195
186
191
171
176
197
199
180
178
196
171
199
169
233
174
187
187
192
186
205
200
172
196
184
192
199
181
207
208
190
172
189
184
179
206
184
213
190
180
194
159
207
193
192
169
192
178
194
193
193
182
168
190
181
199
194
179
176
175
193
205
177
190
169
178
179
182
199
182
183
207
205
192
197
196
224
178
204
183
188
203
187
191
194
181
173
208
202
203
203
212
200
208
217
165
189
192
208
186
190
182
195
219
176
183
200
184
189
205
180
196
187
183
193
179
191
175
188
195
191
180
185
209
208
187
186
179
196
166
195
199
179
186
232
162
186
169
158
199
185
198
192
184
197
200
167
185
194
169
217
181
179
220
187
183
197
219
211
201
195
202
192
174
211
184
215
188
206
182
195
205
193
190
213
168
203
195
187
224
182
184
176
173
190
182
203
166
164
203
209
189
224
201
200
166
171
193
210
200
191
197
200
171
191
188
169
207
210
180
219
188
207
192
191
202
178
210
205
183
205
186
206
200
180
190
199
198
200
176
217
192
187
194
198
204
177
181
209
213
228
190
180
180
168
181
173
185
197
197
218
184
205
176
175
169
222
182
192
185
188
191
185
216
206
184
231
149
187
182
198
161
183
207
183
179
189
168
206
217
204
196
211
193
185
198
204
201
212
186
181
172
173
160
198
207
173
218
198
214
210
198
220
193
215
186
190
206
173
166
191
172
171
211
189
196
196
208
177
194
232
175
214
207
192
186
194
212
207
202
196
183
186
180
204
198
212
195
167
201
219
200
196
219
180
198
190
208
188
195
192
182
183
196
209
222
197
202
196
198
190
208
211
207
206
171
200
175
222
189
184
192
183
197
191
192
208
172
180
186
191
185
186
176
220
190
184
176
200
180
206
202
198
202
191
202
196
190
182
248
203
184
195
179
223
172
176
207
206
185
214
200
205
173
203
206
218
185
205
183
191
192
158
207
205
196
181
181
194
203
177
218
216
192
209
181
186
183
221
228
209
211
226
231
204
196
219
228
200
185
190
183
216
198
183
190
234
191
202
183
187
218
227
208
187
206
183
176
185
193
190
177
207
188
189
183
206
187
171
192
226
183
201
188
184
186
197
194
195
194
204
174
194
177
242
185
206
207
206
176
194
179
188
215
198
196
198
191
197
202
173
211
210
211
212
183
192
188
219
173
210
215
213
198
190
220
198
173
206
196
200
209
187
183
192
185
209
202
173
169
187
179
194
199
195
188
194
203
191
172
206
170
194
205
182
212
209
199
204
206
188
172
172
187
223
202
208
199
208
196
224
193
205
203
185
200
198
218
210
201
183
186
190
196
207
204
210
179
198
198
203
198
163
194
172
220
195
182
181
225
196
205
223
199
216
196
191
219
200
194
215
200
214
189
218
201
166
194
188
204
188
187
237
199
205
213
207
199
198
179
185
201
203
205
176
206
197
188
207
196
197
194
205
207
210
205
195
216
215
199
215
194
178
189
196
209
189
210
195
196
219
207
181
218
201
205
200
182
205
211
194
205
208
189
206
189
247
205
216
215
192
205
192
223
191
177
186
231
205
210
222
212
214
211
211
200
211
192
202
193
200
182
183
212
192
190
219
192
184
208
189
187
205
213
231
200
214
204
200
217
220
200
208
189
211
196
185
199
217
196
197
211
207
185
210
187
204
193
217
183
204
225
189
205
196
175
202
191
219
175
197
206
223
195
215
198
217
208
218
232
201
207
207
188
199
212
199
205
187
186
218
217
223
204
215
234
225
210
193
203
185
211
218
214
211
199
214
192
213
208
196
205
196
207
204
224
218
201
190
238
213
192
236
203
223
194
203
211
241
190
215
218
192
226
215
205
208
209
216
204
218
221
193
226
226
251
223
226
234
219
212
215
203
209
202
200
207
227
193
236
221
198
217
180
217
204
225
193
198
218
224
226
189
231
232
191
199
200
241
218
221
192
226
215
201
196
223
216
225
175
209
216
209
174
197
189
206
207
220
207
223
230
249
211
226
230
210
205
204
194
204
211
191
186
235
205
208
196
198
227
231
220
250
208
205
242
223
218
213
211
209
190
221
224
199
211
203
218
212
209
238
185
205
225
220
214
219
229
215
210
227
213
203
202
233
211
226
196
225
196
238
193
225
199
255
221
254
229
214
205
257
205
212
217
201
205
204
217
229
210
226
197
195
223
205
214
212
238
235
229
218
225
245
199
247
225
231
235
236
207
237
227
232
241
238
258
202
217
241
209
220
219
215
208
191
230
239
207
218
208
206
254
195
264
218
210
226
214
236
216
210
238
223
204
226
229
228
215
219
214
205
189
223
254
211
211
202
208
217
226
220
219
203
224
206
213
203
199
237
239
222
211
206
252
254
213
223
200
246
212
213
221
222
177
202
229
228
225
224
220
222
218
214
187
244
206
200
221
234
204
244
224
238
207
236
226
211
208
224
244
233
235
237
241
262
227
233
251
242
237
222
223
215
223
222
226
231
208
236
192
217
226
225
235
228
206
257
205
223
206
236
236
233
219
264
217
223
212
204
243
236
209
237
236
206
244
212
213
239
212
249
244
212
238
226
215
226
239
225
235
223
264
239
250
206
217
228
216
223
177
244
246
257
212
240
218
259
218
223
221
220
246
227
237
234
198
244
214
250
209
242
238
254
217
258
227
238
187
246
242
240
209
261
239
222
264
248
210
228
205
251
234
241
206
242
231
248
248
219
222
245
255
262
246
225
223
233
230
258
221
257
216
241
216
237
227
238
220
226
224
250
256
249
221
234
243
244
244
215
213
242
237
221
246
246
242
231
243
251
226
224
229
256
207
236
198
232
253
224
218
290
215
239
242
222
243
238
240
270
262
256
207
257
244
240
211
224
254
243
234
248
247
222
235
249
220
207
216
216
255
226
227
254
232
256
243
252
254
226
227
249
239
254
241
270
259
276
206
250
209
251
231
266
235
254
223
269
213
231
237
234
272
228
233
228
256
204
228
260
276
240
262
264
227
239
243
267
268
264
233
236
233
241
253
249
280
230
232
246
222
256
225
239
220
260
251
258
237
212
279
233
262
267
255
275
241
273
250
270
250
268
263
233
221
227
247
247
271
241
250
258
267
243
259
252
259
256
243
254
271
246
249
224
240
285
230
223
258
253
232
251
287
279
268
252
276
282
238
269
290
286
270
257
254
282
260
276
231
257
261
263
240
265
270
264
282
262
260
264
271
254
266
240
268
246
241
288
270
285
243
241
268
278
244
260
242
271
226
251
253
247
293
294
255
252
249
251
253
266
253
275
265
269
245
312
257
276
248
257
250
251
287
248
275
256
258
277
278
243
253
255
254
279
259
278
271
241
294
272
289
247
285
269
309
281
282
319
369
344
334
328
338
318
289
315
306
266
251
287
250
263
253
253
268
267
269
279
272
268
241
285
300
257
252
243
278
264
231
283
268
253
291
272
243
239
280
262
272
251
270
270
264
250
274
282
298
277
271
267
240
263
263
256
309
263
276
273
308
262
276
296
285
267
248
281
268
272
277
276
263
295
297
256
273
294
266
286
274
283
274
262
250
284
289
272
267
300
278
292
284
278
279
265
277
289
273
282
256
303
266
269
322
287
266
275
267
283
266
281
266
287
277
287
285
301
297
292
282
303
267
292
262
283
253
295
299
268
273
300
278
267
288
297
303
277
275
294
273
288
259
250
280
299
259
280
262
298
269
274
298
287
269
270
275
302
289
291
272
307
288
297
295
317
268
304
272
310
260
261
263
262
277
315
292
294
248
291
282
266
312
298
278
261
280
307
260
283
295
282
318
304
283
273
306
307
262
287
268
308
299
305
286
317
282
252
311
301
300
281
290
316
290
325
313
275
273
286
292
319
270
332
285
309
305
282
320
292
284
292
290
295
277
293
261
290
282
300
292
334
275
290
274
280
249
318
316
303
288
300
327
289
276
301
287
304
280
328
292
283
312
302
299
295
292
280
284
269
267
278
288
284
261
270
272
291
283
297
295
311
274
256
297
254
233
277
303
266
278
279
269
274
266
268
236
294
279
258
277
259
296
300
254
307
284
280
272
249
271
230
243
240
254
262
217
249
239
238
251
253
234
259
268
250
282
224
280
308
280
279
291
260
242
244
251
261
218
251
249
224
223
251
253
247
238
243
226
225
224
217
232
228
245
231
240
189
224
253
245
239
232
243
223
238
220
211
224
241
240
238
257
213
219
229
211
244
201
226
220
255
209
224
236
238
220
230
218
219
234
219
240
243
230
203
230
246
213
212
221
235
218
212
222
254
212
235
258
237
243
241
227
235
227
221
190
257
209
258
212
234
197
235
245
230
199
219
205
227
218
221
208
252
206
227
221
240
221
232
225
228
212
248
200
219
224
236
215
195
221
221
196
221
213
209
215
232
215
219
215
213
203
212
201
257
213
216
205
216
199
222
198
218
209
217
236
202
197
219
194
249
204
221
208
204
204
196
216
234
221
199
207
188
207
233
217
199
203
236
217
211
214
223
207
231
217
243
233
223
230
206
218
212
208
247
209
213
201
196
218
215
203
202
219
202
213
194
225
234
228
181
234
240
212
198
194
210
178
224
224
205
183
225
200
200
208
224
233
182
237
206
201
219
186
224
198
223
188
209
231
213
183
224
208
216
192
220
195
192
206
219
195
229
196
223
221
221
199
194
237
223
205
195
198
197
209
202
226
188
210
213
200
213
205
204
246
213
206
222
192
202
214
205
220
220
210
210
229
226
202
216
208
199
182
187
202
208
203
235
220
205
207
176
218
235
183
245
204
204
201
204
197
198
227
212
206
202
216
215
190
194
184
219
195
192
204
195
198
231
219
209
198
218
174
214
200
231
215
208
210
162
207
205
217
214
212
200
200
190
205
183
214
201
184
172
187
217
185
213
205
208
200
176
194
219
193
208
199
217
182
214
203
206
221
193
220
178
205
197
183
185
191
200
169
222
203
181
197
204
193
187
211
203
214
188
176
191
180
195
175
211
176
180
188
200
185
192
187
217
185
215
222
187
201
197
208
173
204
191
187
195
193
188
190
187
184
219
205
203
177
203
197
176
184
189
184
195
221
182
202
181
166
195
193
174
209
187
207
191
212
191
203
234
178
175
209
194
183
178
215
185
182
180
157
187
204
205
213
202
174
180
204
185
190
176
206
188
160
208
169
204
165
215
172
155
178
181
184
203
199
182
197
193
173
198
183
187
189
194
172
203
185
185
182
198
201
210
187
151
177
203
210
181
174
171
192
197
191
200
188
203
201
178
211
192
204
183
199
189
179
196
183
199
205
159
196
184
157
215
196
190
181
194
216
173
190
177
200
195
194
178
194
202
180
189
197
214
210
196
202
201
181
192
218
172
187
238
203
173
194
169
206
200
180
174
192
174
200
203
218
185
178
195
175
186
214
201
195
192
185
170
205
203
182
181
203
171
200
170
211
185
186
192
221
206
159
180
202
204
184
190
176
194
184
201
215
214
170
173
206
175
183
210
209
173
184
185
196
163
213
196
201
205
212
209
210
206
173
219
199
189
162
180
201
195
179
184
191
198
204
192
205
188
187
213
181
169
206
182
215
168
181
181
192
199
188
210
211
167
202
199
174
170
195
173
199
159
165
191
194
203
200
208
190
196
180
193
203
196
180
210
221
216
178
198
225
188
186
199
188
191
174
206
188
190
198
204
205
187
193
185
181
206
199
200
164
217
192
210
200
171
188
202
170
184
174
228
200
188
184
189
177
189
178
208
189
204
205
207
187
182
194
214
175
187
194
180
196
177
194
211
208
196
177
199
202
191
183
203
192
164
193
193
182
191
196
185
180
210
203
178
176
220
169
212
186
202
186
202
205
177
166
197
204
203
193
204
200
186
184
197
177
202
194
197
215
175
165
215
188
175
176
202
222
187
177
161
194
222
182
204
179
195
178
220
178
209
175
210
187
190
197
163
196
232
173
191
198
182
182
212
216
164
203
205
191
200
153
215
174
176
171
201
184
165
182
172
158
176
167
164
176
173
179
162
174
162
164
168
178
162
172
179
191
178
189
193
183
172
186
169
172
163
152
134
148
138
122
127
144
140
143
154
157
113
125
111
126
153
160
139
144
126
118
163
132
128
154
111
132
124
147
132
140
120
149
130
134
134
124
154
116
142
142
125
114
131
138
123
137
133
125
141
114
157
130
128
127
136
115
126
117
109
130
142
131
129
133
129
133
136
119
132
120
141
111
129
137
131
125
155
117
120
105
125
124
116
96
122
119
129
103
121
110
117
101
114
123
115
128
116
127
123
107
133
121
117
113
118
126
109
121
128
141
124
129
118
121
106
128
125
112
134
118
137
108
127
109
115
147
132
111
119
128
114
124
114
113
110
113
119
110
105
118
132
107
114
118
131
108
118
109
122
123
133
125
125
114
125
118
106
120
124
116
112
116
124
110
106
103
115
117
114
113
121
105
116
117
112
125
108
103
116
111
106
117
126
132
106
116
117
104
101
124
115
103
106
131
108
105
108
103
113
110
115
123
120
106
89
120
116
104
97
128
114
108
108
114
113
110
91
131
110
88
107
103
104
126
109
111
131
106
102
102
113
110
124
99
121
99
109
106
97
94
110
114
127
102
99
108
112
112
120
118
110
118
115
116
108
108
125
101
114
119
99
109
103
115
121
126
110
104
132
136
151
145
162
176
171
160
221
242
312
408
625
850
1260
1774
2434
3459
4608
5575
7091
8195
9040
9272
9789
9293
8474
6661
5735
4328
3187
2243
1515
1090
726
449
401
261
255
236
193
184
201
170
166
170
159
182
163
161
132
158
143
135
148
130
136
139
115
126
124
124
127
97
144
114
107
104
119
103
103
102
116
120
96
118
96
101
95
103
82
86
94
85
96
96
94
73
95
73
99
74
78
63
69
58
87
67
66
84
72
79
85
74
69
66
75
67
76
69
73
69
54
69
81
62
63
80
64
63
81
70
78
59
69
65
66
59
77
69
62
59
77
67
71
66
76
68
66
72
60
74
69
64
74
78
76
72
75
62
70
56
50
80
68
66
59
65
60
55
48
64
60
62
70
75
72
60
59
73
68
55
62
51
52
56
70
74
73
55
68
50
57
56
65
65
60
52
47
53
61
68
57
59
65
52
54
53
54
49
63
67
55
61
63
58
55
52
59
40
52
43
63
60
66
58
55
55
45
66
51
47
54
43
62
50
46
52
62
62
59
61
58
59
59
48
46
61
47
65
49
57
44
44
50
64
50
63
61
50
62
53
53
52
46
49
51
58
51
59
51
48
57
49
51
52
48
48
45
47
47
42
51
47
56
45
46
43
55
45
42
55
47
39
40
58
43
41
38
56
44
52
49
42
35
47
44
37
60
50
55
51
46
50
52
41
48
37
46
51
47
43
54
51
42
37
55
36
45
46
39
46
36
41
51
38
36
45
36
36
48
50
49
43
44
40
38
44
44
49
30
36
43
52
51
43
42
54
47
39
42
38
37
35
43
41
40
26
36
57
43
44
42
31
36
42
39
33
33
43
43
48
42
36
52
46
29
39
46
38
38
42
43
38
46
47
59
53
59
60
50
50
64
49
54
50
49
42
41
49
47
20
31
35
48
37
41
36
46
39
34
36
31
40
48
34
35
44
41
40
27
55
45
32
49
42
42
35
31
47
28
35
38
35
36
34
36
30
39
29
32
33
30
36
29
50
42
34
32
40
43
38
39
36
26
39
35
37
30
34
47
35
31
37
32
30
25
25
33
36
42
35
32
25
36
23
35
35
31
34
24
28
35
37
29
32
29
28
24
34
36
41
30
27
29
28
36
23
30
36
42
24
30
32
32
29
39
27
28
33
40
34
39
30
30
43
24
28
29
33
42
26
27
29
22
25
24
30
38
30
37
24
37
28
27
34
32
36
38
24
23
32
38
41
29
29
28
27
32
36
39
30
23
28
34
36
32
34
23
33
27
30
34
17
31
37
28
33
27
23
32
38
33
24
39
27
29
26
27
26
31
21
32
31
28
28
26
29
36
31
32
38
43
48
47
32
60
40
52
50
41
38
34
40
41
34
31
16
33
27
27
30
34
26
27
20
21
29
18
33
26
37
24
37
37
32
24
34
38
32
30
23
34
33
29
28
30
29
30
37
30
33
28
24
25
28
36
33
23
18
24
33
30
33
25
40
29
26
19
24
35
25
17
20
39
26
29
30
26
31
23
16
26
34
25
30
32
22
36
26
24
26
28
26
26
18
32
27
30
33
36
31
37
19
19
32
23
22
32
14
35
19
33
29
25
22
24
23
36
22
29
24
27
33
25
27
27
28
23
28
22
26
23
17
35
25
29
34
27
31
21
18
22
24
19
25
17
30
35
38
20
31
27
28
29
21
33
24
21
21
34
17
33
33
31
29
31
19
26
23
23
26
16
23
26
18
29
24
29
27
18
22
29
34
35
22
24
17
26
25
32
25
24
29
27
22
30
33
17
26
28
20
26
33
18
21
22
13
26
25
24
22
28
20
17
25
27
16
22
31
23
26
20
16
27
26
23
23
19
37
22
22
20
30
18
22
24
26
12
25
19
32
24
27
25
22
24
22
15
33
27
26
24
21
20
22
23
23
22
26
29
29
23
24
33
19
28
28
25
26
22
20
24
28
28
14
20
29
18
25
28
30
26
19
30
25
21
32
30
35
29
33
29
31
32
24
33
33
23
30
29
35
25
34
41
28
35
49
40
43
46
71
62
62
58
81
104
135
157
231
298
462
660
965
1371
1877
2527
3457
4343
5232
6430
7431
8110
8119
8039
7556
6555
5828
4827
3868
2918
1945
1438
984
677
410
339
221
171
154
129
118
138
88
107
98
100
88
77
73
79
66
61
58
66
44
54
46
49
47
60
48
56
49
46
49
30
49
47
35
36
38
35
32
28
29
29
29
27
27
19
24
23
18
22
18
19
8
14
20
14
13
16
12
16
9
18
13
16
5
10
9
10
5
11
3
5
10
13
8
3
10
12
6
6
7
12
6
11
10
7
9
7
7
9
10
9
13
9
8
9
9
13
8
10
6
6
7
11
8
10
11
5
6
10
7
12
17
9
13
7
7
6
7
5
5
7
10
1
12
11
13
8
10
10
6
15
9
7
6
15
9
15
3
10
6
7
2
4
9
5
6
10
7
5
9
7
8
8
11
9
8
5
5
10
6
3
7
7
2
6
14
3
4
9
3
7
7
6
11
7
7
10
8
1
7
7
13
7
3
6
10
4
8
9
7
4
8
3
7
3
5
10
9
11
8
3
9
11
7
9
6
8
7
10
6
8
4
9
7
9
8
4
5
7
4
5
16
9
6
16
6
3
10
7
14
8
7
10
10
16
6
5
8
14
11
17
10
23
8
13
12
12
7
6
8
4
11
11
11
4
8
4
5
11
10
11
5
10
11
5
8
10
2
6
9
5
6
7
6
5
5
10
6
11
7
8
9
6
8
7
5
13
7
9
11
5
5
8
5
8
3
2
4
5
8
4
8
7
4
4
8
9
5
5
5
3
4
10
4
4
5
8
7
8
8
8
3
9
7
8
3
6
5
3
10
5
9
4
5
2
4
5
0
13
2
2
7
8
9
7
3
10
5
7
3
8
4
7
8
8
7
2
5
8
6
5
7
10
7
9
5
3
4
6
9
5
9
6
9
16
9
5
4
14
6
11
8
5
10
8
11
8
10
6
5
4
8
7
2
7
3
7
5
7
7
6
5
7
9
7
7
5
4
12
6
12
14
8
7
9
15
12
9
8
10
5
6
7
9
3
10
3
7
5
3
5
4
8
4
6
9
6
6
12
6
6
8
10
2
2
5
3
8
6
8
6
4
4
8
3
12
10
7
4
9
4
6
5
9
6
2
5
6
5
4
9
6
3
4
7
4
6
7
9
10
5
4
5
10
11
8
3
3
2
2
5
8
8
7
8
7
4
7
0
3
5
5
6
5
4
5
5
8
5
9
4
6
11
7
7
5
6
9
9
3
8
7
7
9
2
5
8
5
6
5
8
4
2
8
6
6
1
20232
