0
0
0
0
0
0
0
0
0
0
0
0
0
0
0
0
0
0
0
0
0
0
0
0
0
0
0
0
0
0
0
0
0
0
0
0
0
0
0
0
0
0
0
0
0
0
0
0
0
0
0
0
0
0
0
0
0
0
0
0
0
0
0
0
0
0
0
0
0
0
0
0
0
0
0
0
0
0
0
0
0
0
0
0
0
0
0
0
0
0
0
0
0
0
0
0
0
0
0
0
0
0
0
0
0
0
0
0
0
0
0
0
0
0
0
0
0
0
0
0
0
0
0
0
0
0
0
0
0
0
0
0
0
0
0
0
0
0
0
0
0
0
0
0
0
0
0
0
0
0
0
0
0
0
0
0
0
0
0
0
0
0
0
0
0
0
0
0
0
0
0
0
0
0
0
0
0
0
0
0
0
0
0
0
0
0
0
0
0
0
0
5
49
364
849
998
1083
1068
1054
1071
1156
1093
1041
1058
1023
940
1061
1039
1001
941
982
976
960
1006
958
985
1023
933
964
1004
1004
935
972
904
1010
1032
932
956
934
850
977
953
953
823
896
946
891
877
921
872
789
832
875
877
872
815
898
889
903
861
913
812
950
830
846
897
851
820
832
770
821
816
804
834
812
782
814
802
799
777
839
771
821
778
788
798
811
799
735
764
801
796
735
770
758
708
785
720
782
716
714
714
807
713
754
695
760
685
778
733
693
686
676
752
739
706
727
700
747
636
737
717
715
694
704
688
683
637
670
650
690
685
710
655
656
629
700
677
731
604
683
653
623
656
647
620
683
626
661
620
686
618
683
652
699
640
624
618
664
637
608
617
663
627
615
609
633
622
659
580
639
574
582
607
635
568
662
617
626
543
646
578
602
585
615
569
613
578
621
556
600
572
603
586
623
566
566
632
589
627
656
593
613
611
586
562
594
569
573
559
558
575
596
570
588
571
596
647
613
626
543
577
591
576
533
618
545
527
579
584
504
569
568
594
604
604
562
619
595
592
588
567
627
546
592
575
576
594
593
579
608
614
571
587
587
577
582
612
573
568
584
559
568
593
566
569
559
586
597
565
616
582
598
591
572
571
563
615
564
555
572
588
603
531
609
553
603
566
628
603
621
586
597
608
582
562
604
586
634
635
651
619
615
634
640
610
614
624
631
626
582
626
641
695
658
664
655
585
601
628
611
584
608
530
599
593
616
573
579
636
619
542
611
578
606
542
653
655
666
607
590
593
547
562
617
640
594
575
583
642
619
584
628
640
608
605
610
615
601
609
667
620
651
544
586
550
577
597
534
600
661
622
624
585
626
603
658
613
589
609
587
631
604
635
640
630
672
638
635
598
578
573
607
620
596
583
628
634
608
586
648
575
618
618
637
619
638
578
673
621
649
594
613
571
571
591
607
603
625
585
613
578
628
587
648
615
629
571
582
610
630
576
592
641
602
589
621
568
574
598
596
620
653
570
629
575
547
579
608
611
640
598
608
635
567
559
627
565
609
593
592
580
586
598
610
606
579
593
601
604
537
621
662
645
622
613
598
613
639
589
609
583
597
571
581
578
606
601
622
573
608
603
605
575
583
560
603
611
604
599
556
553
602
585
612
626
615
614
581
599
598
534
617
638
601
590
591
624
593
580
630
608
670
538
607
609
591
580
610
613
590
570
572
584
589
586
596
546
611
571
575
625
591
534
605
563
625
587
627
605
598
551
630
579
553
598
579
630
512
578
622
611
616
600
594
566
533
548
623
548
622
566
573
561
615
564
570
539
628
598
552
541
599
581
583
586
597
594
552
587
541
531
562
597
606
587
560
589
583
562
571
565
570
548
604
539
549
544
615
598
558
583
581
536
506
554
579
547
594
573
571
506
547
592
526
587
565
548
548
538
583
524
563
550
559
576
549
551
586
532
542
564
553
527
599
525
568
520
588
550
546
557
543
561
523
542
587
561
591
561
530
582
523
560
564
553
609
566
574
545
525
525
530
546
527
502
522
527
566
552
573
498
563
520
558
582
526
502
563
566
545
524
544
494
514
535
531
575
545
550
603
531
503
487
529
527
532
541
526
499
533
466
519
556
534
512
545
524
515
532
534
563
579
492
533
514
487
560
572
503
539
509
519
536
516
496
502
537
535
525
517
529
456
516
512
490
521
505
538
506
533
485
541
480
590
515
522
491
530
534
470
490
508
492
513
467
509
458
534
488
523
520
515
467
500
502
472
522
514
511
489
501
488
489
483
496
525
511
516
507
499
477
486
521
528
510
512
517
481
433
506
508
512
474
504
478
504
465
473
482
481
510
527
482
533
493
518
482
534
446
513
518
512
505
468
503
524
532
485
507
529
465
454
500
540
492
527
468
477
516
504
493
560
510
519
567
558
550
541
555
567
574
549
575
525
533
557
569
567
555
565
556
557
549
523
592
500
510
546
543
497
540
529
529
565
502
536
461
551
555
534
513
558
536
506
486
513
509
524
497
541
497
495
545
512
489
555
505
514
534
500
505
494
505
499
467
512
499
479
497
504
468
533
488
509
465
489
507
492
482
500
481
504
461
467
470
480
432
493
464
503
491
523
503
483
473
575
498
493
488
461
460
431
448
458
466
455
465
453
467
471
405
484
455
437
421
439
453
433
470
445
493
481
436
465
426
436
429
427
437
471
422
466
459
450
426
431
449
434
411
427
409
423
441
403
434
456
420
439
425
419
402
425
429
433
428
441
453
446
403
413
430
418
387
464
413
370
430
401
399
441
408
455
433
420
389
472
405
447
409
410
378
389
411
436
397
393
415
431
415
411
401
392
372
417
382
421
378
431
389
431
410
411
386
454
411
376
376
439
407
391
392
388
351
401
406
380
398
418
384
361
418
389
394
366
393
406
365
445
421
370
415
401
398
389
366
385
380
395
411
351
370
445
406
372
383
388
356
393
399
392
387
385
403
393
372
410
398
354
396
384
390
337
426
383
389
374
385
421
382
395
375
363
375
395
387
365
411
370
358
378
378
424
356
402
369
391
349
388
392
362
368
355
388
345
401
399
366
372
370
323
367
337
387
369
353
415
353
349
385
359
338
369
340
350
368
340
300
338
399
380
347
376
341
361
356
343
347
358
329
374
337
352
310
354
377
359
380
349
348
325
366
342
325
372
335
362
351
352
365
381
336
376
353
380
340
335
351
340
313
302
346
353
361
333
332
323
357
367
314
315
352
319
319
335
311
338
361
340
334
339
355
332
321
355
336
343
318
360
336
409
444
480
581
680
663
655
547
469
397
381
329
309
319
338
318
345
334
406
368
325
370
380
404
386
338
359
333
335
309
305
304
305
325
309
317
348
281
314
332
289
265
318
316
305
289
287
303
288
299
306
285
308
318
300
254
325
296
321
328
296
288
296
274
295
299
273
303
304
298
299
323
331
313
284
310
317
265
320
324
281
301
304
289
327
318
318
275
309
296
317
290
324
285
306
310
262
288
303
306
287
284
316
261
323
278
300
275
284
327
267
289
278
292
294
287
299
297
296
286
286
263
327
279
281
275
267
276
282
289
268
279
296
263
283
283
309
269
309
293
295
298
255
287
289
277
261
300
276
286
264
260
244
292
266
280
292
273
284
271
287
262
282
275
259
278
323
276
273
293
289
264
307
293
288
259
282
272
276
305
320
279
265
290
301
303
326
262
323
265
297
294
265
286
319
277
265
265
256
288
250
261
280
265
289
276
238
286
255
280
264
281
269
289
262
273
287
253
295
286
250
275
226
240
244
262
294
273
256
279
256
249
302
243
287
222
270
238
275
273
268
293
264
275
299
260
275
234
239
255
270
296
278
253
294
282
258
248
259
276
244
248
287
268
264
287
297
255
300
239
284
262
278
230
284
238
263
252
260
227
270
263
246
287
281
275
264
274
231
283
291
256
273
257
270
253
270
247
248
257
258
285
270
264
261
260
286
280
267
257
304
265
274
241
236
262
280
233
276
233
238
251
259
279
317
311
346
399
343
322
356
291
334
279
244
248
248
230
228
253
278
241
275
264
252
250
259
257
257
282
263
263
277
271
303
285
280
286
267
270
284
263
270
244
269
248
248
256
227
233
258
268
285
252
264
249
257
263
270
267
262
248
257
275
247
237
255
233
275
252
259
237
264
258
280
247
262
244
273
251
265
246
228
278
267
257
271
241
268
245
232
244
266
256
239
265
257
230
266
270
242
263
264
245
237
272
254
285
272
245
234
244
254
249
264
255
269
229
263
273
234
274
274
256
272
239
254
275
290
266
266
242
253
249
256
244
263
256
231
245
279
260
276
248
227
250
255
253
252
241
246
272
264
275
280
235
240
256
259
266
278
238
268
229
281
226
256
267
270
266
257
246
262
252
255
260
249
250
250
252
281
238
243
243
265
249
260
269
263
261
257
285
272
231
296
275
284
277
267
257
243
227
241
266
261
244
237
269
271
256
243
263
262
233
268
221
254
235
286
279
254
244
264
274
253
247
233
248
265
250
258
264
246
226
245
264
253
256
250
229
218
219
245
256
255
283
248
255
238
269
298
298
323
331
279
300
265
222
227
221
237
199
245
227
206
220
215
208
228
212
220
221
211
237
217
214
207
191
182
208
211
204
199
209
215
208
219
169
188
182
188
203
199
188
202
177
225
213
174
188
170
179
184
181
183
164
200
165
175
191
191
166
164
187
189
179
206
151
161
199
176
183
200
200
202
211
260
252
315
356
351
383
336
270
253
186
164
168
166
174
182
167
176
170
169
153
172
191
154
169
165
166
165
158
167
154
150
144
171
166
179
150
175
168
173
168
165
165
152
175
154
171
160
147
167
157
154
136
157
168
165
155
159
162
164
163
172
154
158
145
162
158
146
160
173
161
163
159
149
131
152
151
148
163
160
150
151
149
133
165
144
142
140
170
133
152
150
133
140
143
163
136
165
148
162
155
156
141
139
157
158
167
149
134
154
138
172
140
149
156
150
148
149
147
149
139
142
143
137
133
155
154
144
158
165
137
137
140
164
153
130
157
169
144
161
146
148
147
143
138
167
140
153
153
158
167
155
160
133
138
136
150
159
147
156
135
159
142
132
110
155
140
148
140
139
131
138
144
125
132
130
137
144
130
135
130
125
125
124
131
103
154
131
135
130
114
130
129
134
145
122
134
149
138
138
148
152
152
115
137
119
106
127
115
124
141
152
139
119
133
140
124
126
138
140
139
128
140
121
123
131
134
118
126
125
117
133
107
116
134
116
111
114
114
130
135
138
114
140
118
132
129
130
117
125
137
131
106
128
124
134
122
116
130
105
106
127
110
116
129
118
123
122
110
116
116
127
120
118
89
102
115
115
133
132
135
134
123
121
102
107
120
107
118
120
137
101
127
116
114
104
97
103
128
121
125
120
116
107
103
127
109
136
113
127
118
108
102
97
99
115
110
123
110
113
120
116
109
142
107
112
116
114
86
126
123
108
122
113
120
124
114
90
107
118
107
133
112
132
118
93
115
122
105
103
98
128
119
104
117
133
116
106
103
114
110
107
102
114
106
103
109
119
111
102
112
109
108
92
105
110
79
111
97
115
102
120
126
109
104
119
99
124
108
100
115
111
107
100
92
92
104
99
119
97
105
97
102
132
106
100
116
103
113
94
120
106
91
105
110
109
104
117
112
101
119
88
90
87
135
85
96
82
80
109
97
100
90
107
104
109
91
116
100
100
114
88
111
99
99
105
104
94
102
84
106
99
113
91
111
107
89
113
99
99
103
91
121
120
94
125
120
120
104
100
96
101
102
101
94
99
98
92
92
99
105
89
92
95
90
108
97
100
85
95
94
109
91
103
103
113
109
89
83
98
101
102
100
103
87
101
86
115
119
79
89
114
97
94
84
73
105
92
99
107
119
98
92
99
93
94
112
97
94
82
98
84
97
107
80
120
97
80
89
89
100
102
117
94
90
109
108
101
93
96
101
111
112
94
114
83
86
91
107
99
83
99
105
105
101
116
109
94
99
76
92
91
98
102
99
98
88
108
85
87
96
92
96
91
87
102
95
90
93
85
90
102
74
104
80
103
89
92
92
101
99
76
77
100
86
80
99
88
95
87
80
86
111
82
86
107
106
93
99
97
97
112
92
102
87
87
94
119
86
95
100
97
90
89
106
94
101
112
105
95
111
98
98
95
94
89
95
88
84
93
94
88
96
94
79
94
118
75
89
84
87
85
90
78
89
101
84
79
78
96
95
95
102
80
87
96
93
91
83
97
101
77
73
94
101
86
71
77
98
86
84
91
96
70
73
85
77
83
98
96
92
112
78
80
98
83
97
71
102
96
86
84
103
97
95
85
82
75
83
88
95
91
84
85
103
90
97
88
91
100
102
82
82
85
88
88
88
82
73
91
72
74
88
100
83
79
96
84
75
91
106
109
83
93
88
86
83
103
73
71
71
88
100
78
75
86
104
89
75
102
93
85
90
95
98
93
101
94
88
75
74
89
94
102
89
92
94
79
79
85
80
95
80
88
81
88
80
77
78
84
81
82
90
85
87
94
94
85
89
93
86
74
85
89
76
100
80
71
94
86
72
90
87
66
79
87
82
76
83
73
99
80
83
101
90
83
95
77
80
83
94
67
81
87
82
81
90
98
73
75
79
71
101
80
80
81
76
83
101
82
76
91
110
101
82
82
101
85
88
93
103
92
109
91
98
105
71
106
97
101
105
106
118
112
95
106
124
136
128
184
194
218
264
335
383
532
619
848
1073
1331
1601
2070
2432
2843
3250
3790
4187
4536
4761
5314
5533
5491
5232
5082
4664
4243
3796
3508
2833
2546
1993
1627
1307
1061
784
648
515
410
258
243
233
151
118
130
121
115
97
86
75
68
84
61
83
72
61
74
67
77
60
70
54
64
56
58
50
62
58
68
57
61
67
55
46
45
50
66
54
49
55
50
60
58
54
52
59
38
63
41
54
50
53
55
38
54
55
71
57
54
66
49
40
52
51
53
51
60
48
71
37
49
54
58
54
53
38
49
49
70
40
40
48
33
45
56
41
39
48
46
53
41
47
50
44
47
49
52
48
51
45
47
46
43
56
50
54
54
55
46
52
39
50
51
57
43
46
60
63
52
41
47
41
43
39
47
51
58
49
49
39
45
43
45
47
41
55
41
56
53
42
52
63
59
56
54
46
39
52
58
46
48
45
46
48
36
47
42
48
53
46
56
49
48
38
42
38
48
50
55
41
48
43
43
41
44
37
38
50
60
51
40
41
40
46
41
51
42
52
49
40
36
45
43
59
49
40
54
47
53
45
48
53
64
39
44
40
44
39
57
46
44
56
50
54
54
48
40
52
53
40
39
54
46
44
49
32
44
42
32
58
45
40
45
44
49
44
46
46
47
51
49
53
41
55
65
55
54
60
55
45
36
38
50
53
64
36
43
49
55
47
53
46
43
34
56
47
34
47
38
44
44
44
55
55
52
36
55
45
51
44
38
39
49
38
48
47
45
39
55
36
45
48
45
44
42
50
40
46
51
46
46
54
43
50
42
36
49
50
35
27
48
59
24
56
53
45
46
29
40
47
67
56
45
44
55
48
39
39
51
40
51
45
43
45
42
40
48
48
50
41
41
50
41
59
53
39
47
46
55
45
51
36
50
48
50
46
40
51
62
50
41
30
41
55
43
48
43
46
50
49
41
45
65
52
46
38
49
43
60
45
45
44
47
45
49
53
60
75
86
118
135
177
189
180
181
111
121
90
84
52
67
47
47
47
42
45
48
43
40
45
43
46
47
47
43
46
45
36
39
44
41
38
37
44
26
36
39
41
36
44
35
42
48
35
34
41
41
41
44
52
41
34
37
31
43
45
39
46
35
33
41
44
55
47
42
48
41
40
45
37
25
37
38
33
39
52
49
34
46
32
43
42
48
42
43
33
43
37
54
41
44
47
41
49
36
40
59
25
37
28
44
52
55
46
43
51
40
30
39
27
41
52
46
44
35
40
46
54
40
45
40
38
41
42
43
37
48
49
35
46
40
46
35
42
51
51
48
45
46
29
51
61
50
46
77
52
83
114
127
170
199
201
181
169
144
117
88
84
64
51
46
41
45
47
46
38
38
44
50
31
30
41
48
37
33
45
40
42
47
41
40
38
56
45
51
40
39
41
45
39
34
46
42
38
47
40
49
34
50
38
51
43
50
42
41
40
39
35
40
53
46
39
43
48
42
38
34
47
43
37
30
40
45
55
47
24
35
40
36
38
37
45
34
44
43
45
35
48
39
34
44
34
36
41
32
34
33
43
41
46
35
44
40
43
44
48
36
39
43
34
45
38
44
43
37
34
41
48
34
53
29
43
39
35
53
45
38
35
37
41
33
39
30
43
53
47
42
30
31
39
35
35
46
34
47
43
37
36
31
32
42
53
44
38
48
41
44
41
41
45
29
48
43
34
36
45
36
39
51
36
37
48
35
41
42
39
41
44
45
39
39
41
38
33
40
35
50
30
32
44
46
36
39
36
28
26
32
45
52
36
38
38
41
38
39
30
36
27
35
44
34
26
48
38
35
44
37
24
47
36
36
36
32
33
35
43
38
43
34
44
39
44
48
31
39
47
33
38
38
40
31
40
37
40
30
38
31
43
37
48
36
38
43
50
49
33
43
43
29
36
34
38
33
43
35
52
48
36
44
39
28
37
48
39
34
30
46
45
44
45
48
31
43
36
33
34
52
56
24
34
36
36
41
39
47
38
54
34
39
40
35
33
45
30
51
43
37
43
43
38
32
36
55
32
42
49
25
44
33
45
50
48
44
44
43
46
34
29
38
43
39
36
41
32
50
31
41
45
27
34
42
39
47
41
42
45
42
46
47
43
30
26
48
33
36
42
31
40
31
31
40
39
40
39
45
32
39
27
42
46
37
41
34
39
41
35
32
41
38
43
41
32
36
33
47
40
44
51
37
42
39
39
42
44
25
32
35
37
31
33
35
40
42
41
40
32
44
43
40
50
41
47
41
31
33
31
32
40
46
36
30
37
30
38
44
41
37
37
45
38
39
34
36
31
31
36
27
28
37
28
34
40
38
27
39
48
45
42
40
44
47
37
32
35
41
52
29
37
32
45
32
37
34
32
40
28
36
33
40
36
28
28
30
35
43
33
42
49
48
40
38
33
37
35
42
43
36
43
38
42
32
41
39
36
45
43
38
42
37
43
39
37
43
42
41
36
36
43
40
42
34
29
40
40
37
40
27
38
37
33
36
42
33
36
29
31
46
44
42
48
39
44
49
40
31
45
44
22
50
39
49
47
33
35
38
42
44
30
34
34
35
34
37
42
42
37
39
34
41
35
47
37
42
32
38
34
48
29
40
41
36
41
41
44
33
46
37
41
23
40
40
39
33
28
28
42
29
41
38
28
38
39
27
42
45
33
41
32
40
29
30
32
36
45
41
38
33
28
29
32
31
25
38
34
54
38
42
33
33
37
29
38
37
37
33
32
42
26
40
38
51
29
54
37
29
40
33
35
43
36
32
35
37
37
43
33
47
30
43
36
28
36
35
39
22
41
44
43
46
40
34
44
45
44
42
37
54
53
42
63
59
58
76
60
57
59
44
45
45
32
30
43
36
26
37
39
37
38
36
53
38
43
41
33
27
45
36
34
35
28
39
49
35
59
41
32
25
37
39
34
35
36
28
40
37
39
42
38
37
26
33
26
37
29
30
33
26
28
41
31
41
35
32
32
39
33
41
32
41
29
39
42
35
34
42
44
27
37
35
41
33
24
38
27
35
30
40
40
34
31
37
37
38
42
47
28
42
42
20
31
36
41
35
48
42
44
31
38
31
33
23
46
27
40
31
37
31
30
40
54
47
33
38
39
26
32
24
27
43
43
34
33
39
47
29
39
23
27
34
37
38
34
40
50
31
36
39
46
27
34
41
53
38
37
28
38
32
33
39
29
44
34
39
43
49
41
45
32
42
33
39
37
39
43
37
43
31
33
40
35
35
34
37
37
32
31
30
40
37
33
39
38
40
31
35
40
36
33
32
30
32
31
31
50
34
32
51
41
52
34
41
45
45
36
39
51
37
33
35
37
44
33
32
39
39
41
40
35
39
33
37
39
52
49
39
48
38
49
53
42
46
41
47
46
34
23
36
37
25
27
35
30
41
41
35
31
30
42
39
37
42
44
56
36
34
29
35
30
42
33
41
40
39
33
34
38
39
31
35
35
27
41
27
30
38
46
29
40
37
34
26
35
43
35
36
31
30
33
39
38
31
36
46
33
35
29
46
44
32
34
41
35
27
35
31
42
48
34
39
43
39
24
34
43
42
36
42
46
29
39
44
44
38
43
37
39
53
36
37
46
36
32
38
33
43
32
48
28
38
44
50
43
35
33
36
40
50
39
43
28
27
34
26
43
42
29
35
29
22
42
36
25
34
37
40
28
31
39
26
37
33
38
39
39
45
44
47
47
58
46
49
39
38
38
25
25
41
28
50
45
36
36
27
29
41
43
33
30
33
37
37
36
35
41
31
31
35
29
44
37
34
34
37
35
38
33
33
32
36
49
21
32
34
27
20
33
33
44
35
35
38
40
33
44
39
41
44
38
38
33
41
38
29
37
28
42
32
40
37
42
34
24
23
33
35
33
47
31
38
24
33
36
37
20
40
36
26
21
40
41
33
31
28
37
27
48
36
30
42
35
47
35
43
35
33
45
43
29
27
44
32
33
34
36
36
37
33
26
45
38
35
52
27
28
31
32
42
39
36
36
36
34
41
27
40
30
39
40
39
35
54
38
39
36
28
31
42
34
42
37
54
31
40
35
35
42
44
38
35
36
29
29
24
21
35
43
41
29
47
34
37
36
35
35
24
25
27
46
26
25
36
32
43
30
33
42
30
26
29
38
25
30
41
43
34
35
30
32
26
27
41
33
29
41
31
37
35
41
32
39
39
41
33
39
41
38
41
35
29
28
35
35
46
50
37
48
31
33
36
42
40
41
45
30
31
31
42
36
38
32
35
43
31
36
45
36
39
33
23
36
40
42
26
32
44
37
28
33
35
34
36
44
29
33
32
31
23
44
31
29
33
36
36
37
31
41
35
37
37
31
35
36
46
31
38
35
41
28
35
33
31
30
35
42
35
39
34
34
45
38
45
32
49
27
46
47
35
31
40
50
39
43
50
43
30
39
27
32
40
25
35
38
30
28
39
35
37
35
35
20
34
33
34
37
41
45
43
37
38
39
35
37
36
37
26
37
33
31
25
41
35
45
35
33
34
27
33
37
33
30
34
48
36
38
41
58
33
43
49
55
50
37
34
57
48
49
37
47
33
33
42
36
42
35
24
29
40
36
36
38
32
37
37
29
31
34
40
27
50
30
35
40
26
29
34
38
46
27
23
38
36
26
36
41
36
36
43
31
23
37
31
25
45
39
32
46
22
46
41
38
31
43
30
26
36
46
36
29
38
34
32
36
38
31
45
31
25
32
55
29
28
39
36
35
35
22
46
35
35
37
28
33
27
42
49
34
39
30
28
33
35
29
38
35
41
37
36
35
40
34
40
39
38
36
49
30
43
29
43
36
36
33
32
42
33
34
31
29
34
43
36
31
36
37
36
39
32
53
49
38
35
39
20
33
40
40
34
32
42
34
39
32
32
33
40
44
36
30
25
26
39
38
33
35
37
32
45
40
32
23
38
36
45
36
42
28
33
31
43
45
34
32
35
44
55
37
35
41
47
45
36
46
38
29
43
37
29
28
39
35
33
39
25
39
30
40
35
36
36
39
28
43
34
38
28
30
41
37
31
39
36
32
26
45
38
32
37
36
34
21
43
31
41
26
55
42
40
44
41
24
38
34
48
34
35
41
29
26
25
35
35
33
38
32
30
37
37
33
36
41
34
37
35
42
39
39
34
47
40
45
33
31
48
38
41
24
39
35
38
41
36
58
57
79
74
101
101
120
110
135
119
105
101
66
54
55
46
37
35
43
34
31
34
35
31
44
36
30
28
31
25
48
32
34
33
38
47
34
45
36
35
36
45
39
49
34
50
33
35
41
29
44
34
41
32
40
46
29
35
37
27
42
25
44
31
39
34
48
35
27
46
37
45
36
45
40
34
36
37
35
31
35
42
35
27
42
31
38
34
33
41
33
33
39
31
36
35
35
34
44
38
29
44
51
29
38
44
49
37
42
30
24
36
41
37
35
33
33
36
40
43
38
37
44
49
35
37
40
44
42
33
32
59
37
59
41
44
43
46
68
45
45
52
29
51
36
38
42
40
30
32
35
49
38
33
44
37
30
44
36
41
49
32
42
48
40
37
37
38
37
48
39
36
49
46
35
43
42
31
33
35
37
41
36
38
44
41
38
32
41
43
29
41
41
48
46
36
32
38
35
41
34
47
49
38
39
45
38
33
38
27
47
46
35
37
36
41
36
49
41
43
57
37
43
46
44
40
28
48
37
43
37
32
44
43
30
34
43
42
37
44
40
33
46
39
44
49
42
34
38
31
36
35
32
41
39
45
29
40
34
36
43
50
36
45
41
36
41
46
38
40
52
42
43
34
50
39
48
38
47
31
42
42
64
43
32
40
46
45
41
33
58
43
53
52
40
41
43
43
39
38
46
41
44
53
40
41
49
55
49
48
61
55
48
69
58
58
49
46
39
47
35
50
35
46
40
65
23
38
39
54
55
80
76
81
92
91
87
73
53
84
58
53
36
50
51
39
35
46
46
38
50
39
32
51
35
38
37
35
40
35
39
34
42
45
47
35
52
35
42
53
41
56
34
51
52
36
42
43
33
44
44
22
34
41
54
44
47
46
53
40
45
55
45
39
27
43
44
31
41
31
41
46
45
38
49
51
51
35
41
40
49
45
46
43
38
47
37
50
42
39
50
57
45
35
47
36
40
42
33
41
42
40
39
45
44
40
46
38
41
33
36
38
41
51
40
35
49
46
49
51
40
45
42
31
47
34
34
34
46
40
39
50
41
58
42
56
42
60
34
39
51
32
38
49
44
39
43
42
53
52
47
41
46
51
57
36
40
31
39
29
52
45
27
52
41
40
42
48
41
47
41
47
46
51
39
40
41
51
38
47
46
41
46
48
46
50
42
57
42
42
44
48
40
57
42
45
39
50
39
36
43
37
56
37
44
49
46
43
41
52
35
45
40
34
43
50
46
33
37
51
46
56
43
42
48
41
41
51
50
52
48
54
49
39
37
42
46
55
39
52
41
45
47
36
61
35
47
43
39
48
45
33
45
40
43
45
62
45
37
45
54
47
34
45
48
62
47
65
46
43
51
35
50
51
43
51
48
56
45
55
63
61
41
43
51
38
64
39
44
49
47
38
59
45
41
50
47
42
51
54
46
33
42
45
38
60
50
48
40
45
47
36
43
52
43
47
46
42
43
39
50
46
44
69
51
41
45
53
47
59
46
48
45
53
51
45
55
41
50
48
44
45
52
42
59
54
40
41
41
41
36
49
38
66
57
42
54
41
47
52
46
52
50
55
51
41
41
49
46
44
50
52
33
54
47
45
58
47
58
44
54
57
44
44
58
52
50
57
51
54
39
53
60
47
51
42
51
50
49
45
39
47
53
62
52
54
50
45
42
51
37
51
51
58
39
41
48
50
56
57
49
37
53
46
63
51
42
44
57
53
44
55
39
56
49
53
43
53
47
59
46
47
43
53
44
57
50
50
63
55
51
56
55
57
39
52
29
58
45
47
33
51
49
50
56
34
51
51
47
56
42
52
44
62
44
53
48
48
46
52
43
44
44
46
48
53
54
45
48
52
47
51
49
48
47
49
52
55
41
59
44
57
50
48
58
58
42
45
41
30
49
46
49
53
46
41
50
40
45
43
56
43
44
47
54
46
46
46
42
37
38
51
40
43
46
35
40
37
38
29
31
48
39
42
38
41
38
35
34
32
35
47
39
41
35
45
33
40
20
43
27
37
37
36
24
37
40
32
45
42
31
41
43
36
30
32
29
38
49
37
31
35
30
38
30
36
27
43
31
32
34
56
35
38
32
31
24
26
37
42
36
34
26
37
28
37
41
34
34
26
30
36
36
39
33
30
41
29
40
31
26
29
29
42
37
34
31
39
38
32
35
38
35
32
28
36
28
29
30
42
31
34
39
30
48
32
28
34
29
28
35
30
28
30
19
34
28
41
33
23
46
36
27
32
34
32
38
25
28
35
33
33
37
31
40
38
27
26
42
33
25
19
29
28
29
26
28
32
32
24
24
34
41
31
55
40
27
33
39
29
43
34
34
33
26
35
32
30
32
36
34
33
36
35
28
26
32
34
31
28
29
39
33
23
34
32
29
30
35
42
32
32
39
34
35
21
25
32
15
32
32
34
42
26
28
33
28
34
25
23
33
26
23
40
24
43
36
27
28
27
37
33
27
19
32
36
34
37
26
27
25
27
39
31
21
27
35
32
30
34
29
36
32
28
29
39
34
28
29
30
30
29
32
35
31
26
30
33
37
34
23
27
27
35
33
39
30
27
20
31
30
28
30
26
33
17
22
29
28
31
19
23
27
28
28
33
19
30
17
36
27
35
21
29
26
29
32
30
22
34
26
25
21
24
38
28
25
32
18
27
28
33
24
25
26
29
27
43
46
53
47
53
54
59
63
56
52
43
40
32
29
39
26
27
22
26
25
23
27
32
24
23
26
21
28
27
30
20
30
24
16
31
18
26
29
33
29
29
22
21
30
22
23
30
24
29
23
29
23
31
23
29
27
19
24
27
24
18
13
23
36
25
19
18
28
21
25
23
27
27
27
14
29
24
21
29
18
21
17
20
28
28
19
18
30
25
21
27
23
22
16
29
23
24
31
28
32
24
17
25
13
27
22
14
21
20
14
24
25
23
19
22
29
23
20
27
14
22
24
24
22
25
25
19
18
22
15
26
28
21
28
20
21
22
18
17
22
13
26
23
19
29
22
24
23
28
18
24
26
29
19
20
27
29
20
24
21
18
29
20
15
19
20
16
19
28
22
18
14
31
11
14
24
20
25
22
13
19
23
24
21
23
25
23
22
21
19
19
18
20
24
19
23
17
17
30
14
21
21
12
26
24
25
17
18
26
21
15
22
28
18
23
12
19
16
24
7
15
17
25
18
24
20
14
26
24
25
15
18
17
19
11
24
16
12
19
22
19
13
20
17
23
19
19
15
19
22
24
12
19
23
14
18
13
13
18
25
19
13
16
21
17
23
16
21
25
14
20
22
22
20
26
25
23
18
13
15
17
18
16
21
18
19
22
16
20
18
27
20
15
14
22
25
18
23
13
21
24
18
19
11
24
18
7
13
19
14
15
12
27
19
11
17
17
20
19
24
18
17
19
14
23
18
14
17
26
14
11
17
11
17
16
15
15
9
19
14
20
15
11
23
23
17
21
19
17
17
9
15
19
15
20
21
13
20
16
30
12
13
23
11
11
7
18
18
13
18
12
13
20
16
14
15
21
19
20
18
6
14
11
14
12
19
15
16
17
19
16
15
19
17
21
19
15
18
17
17
16
14
21
18
11
16
20
16
14
14
14
19
16
17
9
20
9
19
16
16
14
17
7
17
13
24
13
18
19
12
14
20
17
19
25
17
16
21
14
22
19
18
16
9
22
18
24
15
16
17
19
14
17
13
11
17
18
20
19
17
9
9
19
13
18
13
24
13
10
16
11
17
16
17
14
11
17
6
19
16
14
17
13
16
17
19
12
16
17
15
18
16
12
14
19
19
14
12
13
14
25
15
22
18
22
13
15
10
16
14
17
10
10
21
13
11
20
16
20
20
17
23
19
14
20
15
18
22
18
15
17
22
18
15
19
12
12
17
15
24
20
21
22
22
12
18
15
19
10
15
21
15
14
15
12
22
20
11
13
15
16
24
16
15
15
24
15
20
19
18
15
12
14
12
19
18
19
21
16
21
14
18
9
14
12
19
15
21
17
14
15
25
27
13
13
17
15
11
14
18
11
14
24
8
10
19
24
18
15
19
14
20
15
18
21
15
14
20
18
22
10
15
12
18
7
17
17
17
19
24
10
18
19
12
16
17
15
13
17
11
13
15
8
12
20
13
20
14
17
11
12
15
16
7
18
14
17
23
15
24
12
16
25
15
12
24
15
22
22
24
20
27
20
27
27
12
22
23
21
20
22
16
12
14
15
17
11
23
14
20
17
8
11
14
15
16
12
6
14
10
15
18
9
17
15
9
14
19
11
10
14
10
9
12
10
10
16
18
14
11
8
23
20
18
12
16
11
22
22
8
7
14
15
16
13
16
13
7
11
15
13
11
12
6
12
19
14
9
11
12
14
10
11
9
21
10
15
14
13
13
14
6
10
18
13
16
10
11
11
8
9
12
12
13
12
14
10
16
18
14
9
15
14
12
14
10
12
12
8
14
13
16
16
16
15
10
6
16
13
11
3
8
9
15
19
14
16
9
10
10
12
11
12
11
9
13
10
14
16
17
7
13
9
21
18
14
7
11
14
15
16
12
23
20
9
14
13
11
9
16
9
13
12
12
12
17
17
8
16
15
10
22
19
15
12
17
15
15
27
14
29
32
37
46
53
86
91
148
228
343
454
614
797
1066
1400
1587
1770
1910
2155
2114
1880
1702
1541
1157
916
644
480
338
214
156
82
77
43
32
22
18
21
9
20
13
11
15
15
12
21
12
19
13
12
9
12
11
10
17
16
11
5
16
20
3
12
3
6
16
15
9
14
14
8
8
7
8
5
8
8
7
8
8
9
5
6
5
4
8
7
4
6
5
7
10
5
9
7
8
20
16
7
5
5
6
12
7
10
7
5
6
8
7
3
5
5
6
9
5
8
4
8
11
6
3
5
6
5
3
7
7
8
5
8
5
9
1
4
6
5
6
6
9
9
13
5
6
7
3
6
6
16
9
7
4
9
3
8
11
8
11
4
3
5
7
4
10
5
6
12
6
13
6
0
8
3
7
10
7
7
6
4
7
3
6
4
8
6
6
10
5
10
4
7
5
4
7
3
2
4
4
5
3
5
0
1
7
5
6
5
6
6
5
2
9
4
5
8
7
6
4
6
5
7
5
8
7
3
6
10
2
9
4
8
6
6
7
4
7
2
4
8
11
10
8
7
7
7
11
8
3
1
13
4
5
6
2
7
3
9
9
3
3
5
8
8
4
7
5
4
11
5
7
5
7
2
6
7
3
7
2
4
3
10
5
3
8
5
8
4
4
8
5
7
7
4
8
6
2
4
6
5
2
6
0
8
8
7
5
3
5
3
7
6
6
7
6
6
1
3
6
4
4
10
8
4
7
9
6
8
3
5
2
2
2
7
6
6
2
7
6
11
3
9
6
9
8
6
3
6
9
5
6
0
3
4
11
7
5
5
1
4
9
7
4
5
5
4
6
0
6
3
3
6
2
3
6
7
5
8
6
3
9
6
5
5
8
7
2
5
7
5
9
8
1
6
5
7
6
8
6
3
1
6
4
3
5
9
1
6
4
6
9
1
7
6
6
2
5
2
6
7
5
6
5
2
2
4
7
3
3
2
6
3
5
5
6
4
2
7
1
5
11
7
7
10
7
3
7
4
7
2
7
4
5
5
2
4
8
7
5
7
3
4
2
2
2
6
3
6
3
6
5
3
7
3
3
2
0
3
6
4
5
8
2
5
4
8
7
5
3
3
7
2
4
5
6
5
6
4
1
6
2
4
1
6
5
4
3
3
1
7
5
6
7
1
4
3
3
2
6
6
7
3
6
4
2
2
9
6
5
4
1
9
3
3
4
2
4
4
6
2
0
2
3
2
6
5
8
1
2
7
2
5
2
5
2
3
2
2
7
7
2
5
6
5
4
1
7
3
6
7
3
1
4
4
6
5
3
6
6
5
5
3
5
6
3
6
5
6
2
3
5
3
7
2
8
9
12
9
10
16
13
12
13
12
7
7
6
13
2
3
5
5
5
2
3
6
6
5
2
1
5
3
3
6
3
4
2
2
6
2
5
3
5
4
1
6
6
1
4
7
3
4
1
6
0
3
4
3
5
5
6
9
2
1
3
5
4
1
7
1
7
4
5
4
4
2
4
7
4
8
3
3
3
3
5
4
6
5
5
3
4
7
2
8
2
5
3
6
6
6
5
5
9
5
5
5
1
3
3
4
5
4
3
5
4
4
4
2
15
6
3
6
3
6
3
5
4
0
3
4
3
3
5
4
7
4
5
6
6
4
8
5
3
5
4
7
5
5
6
5
12
5
5
4
10
8
2
5
1
5
1
4
7
3
5
4
3
4
3
2
2
1
3
8
4
8
2
8
3
6
5
7
10
6
5
11
11
9
6
5
1
4
3
3
5
3
3
1
5
5
5
6
2
10
3
2
3
4
7
5
2
1
5
5
3
3
3
6
3
5
3
4
3
2
2
7
2
1
8
4
1
5
6
0
4
2
2
0
3
6
5
3
4
3
4
2
7
3
3
2
1
6
4
2
3
4
1
3
2
3
2
5
6
1
5
3
4
2
2
2
3
4
6
4
6
5
3
6
0
6
6
3
4
1
4
5
4
4
2
6
6
1
5
3
1
4
2
3
5
5
3
4
6
3
5
4
7
3
5
4
4
5
15281
