0
0
0
0
0
0
0
0
0
0
0
0
0
0
0
0
0
0
0
0
0
0
0
0
0
0
0
0
0
0
0
0
0
0
0
0
0
0
0
0
0
0
0
0
0
0
0
0
0
0
0
0
0
0
0
0
0
0
0
0
0
0
0
0
0
0
0
0
0
0
0
0
0
0
0
0
0
0
0
0
0
0
0
0
0
0
0
0
0
0
0
0
0
0
0
0
0
0
0
0
0
0
0
0
0
0
0
0
0
0
0
0
0
0
0
0
0
0
0
0
0
0
0
0
0
0
0
0
0
0
0
0
0
0
0
0
0
0
0
0
0
0
0
0
0
0
0
0
0
0
0
0
0
0
0
0
0
0
0
0
0
0
0
0
0
0
0
0
0
0
0
0
0
0
0
0
0
0
0
0
0
4
32
86
135
196
314
290
374
454
503
569
575
523
579
598
599
540
584
564
607
507
607
559
534
558
589
511
556
570
541
542
554
496
518
529
537
534
472
514
455
528
499
488
500
479
495
552
451
452
479
516
509
500
473
465
490
459
471
441
487
450
427
425
421
433
467
445
440
471
438
466
456
435
442
420
388
440
425
472
442
443
441
402
430
396
436
404
420
406
417
439
405
395
369
400
432
415
399
378
383
362
363
362
382
385
350
371
388
431
368
368
374
357
371
382
368
343
348
398
356
384
344
358
373
327
338
343
367
374
351
309
359
372
347
347
367
372
328
339
328
326
359
317
360
291
330
343
339
317
307
347
305
329
310
321
334
323
299
339
305
355
308
354
342
314
338
322
300
316
325
324
296
275
309
327
310
298
337
306
299
301
285
316
307
303
270
288
291
326
281
293
306
274
307
300
286
328
335
297
286
283
297
304
307
301
313
293
332
275
290
295
315
315
309
280
343
284
300
323
278
316
288
312
284
293
314
340
297
295
306
304
296
318
332
305
295
308
308
298
307
321
330
302
326
293
301
301
318
297
321
301
295
331
335
300
314
300
316
281
296
315
330
300
317
333
317
313
303
303
323
294
312
298
345
326
300
335
321
312
314
336
343
317
347
269
319
339
369
354
378
333
343
315
341
357
354
355
311
349
391
345
393
370
386
381
362
381
376
356
362
360
382
370
390
427
406
394
410
430
397
401
445
406
368
367
316
338
376
335
366
318
367
343
327
357
373
369
370
337
312
347
371
343
366
361
377
357
360
361
353
355
348
370
368
364
376
355
375
365
348
377
366
378
378
357
402
357
338
377
366
376
359
381
380
402
361
406
408
380
389
432
403
380
370
399
372
377
397
383
403
405
369
393
391
397
360
376
377
347
359
348
376
393
406
391
401
383
386
392
352
401
388
415
395
418
390
414
371
378
330
398
392
365
367
404
373
378
373
379
346
383
351
379
372
359
356
372
361
368
377
380
405
366
359
356
357
370
399
370
374
363
386
376
359
355
385
395
400
371
367
381
354
384
376
335
378
365
398
387
361
369
367
321
395
395
385
393
382
379
360
401
378
346
396
342
319
351
356
382
348
364
367
335
389
340
395
360
370
398
373
405
393
372
359
404
381
356
382
338
355
363
401
349
371
406
343
385
373
351
386
342
369
329
385
336
374
348
368
360
369
375
362
371
370
355
360
396
385
411
367
389
358
388
369
342
354
408
365
363
347
344
362
334
373
371
362
369
384
364
367
346
375
338
394
363
350
361
330
352
325
373
352
390
367
359
342
374
363
378
381
342
325
355
336
337
370
378
348
357
368
343
359
346
350
367
374
356
389
392
380
353
337
353
370
326
338
360
351
341
364
361
374
332
356
357
368
338
358
351
374
350
342
344
329
343
366
336
343
343
371
374
343
332
342
357
339
372
341
371
334
332
321
368
335
318
333
284
328
308
343
322
342
321
306
334
316
353
317
344
326
344
298
313
326
345
327
306
315
330
329
326
330
336
320
337
310
318
336
314
314
323
306
311
300
335
323
337
326
328
317
293
326
321
306
277
334
310
329
293
324
314
328
314
314
303
315
314
307
312
288
342
325
336
334
307
289
324
292
311
285
298
286
299
302
318
288
289
314
305
327
321
311
300
290
269
286
285
299
317
288
292
298
282
291
299
296
279
278
301
288
277
294
305
294
303
307
292
305
278
264
286
281
268
321
268
268
298
292
288
269
297
300
262
269
279
273
326
272
303
290
259
273
240
269
267
241
262
286
267
303
266
308
261
280
274
317
253
250
270
262
283
254
287
261
261
243
259
241
298
237
308
279
271
233
265
241
240
246
270
311
271
248
254
244
263
231
239
228
254
231
280
226
223
252
261
250
261
260
253
239
287
253
275
250
282
236
231
231
270
233
254
255
225
258
240
276
279
243
238
217
241
235
224
254
263
242
217
228
244
269
231
259
227
235
247
271
227
256
229
238
241
283
234
235
222
245
253
212
235
227
219
223
241
232
229
220
229
255
231
219
213
260
237
241
251
244
222
209
218
208
222
228
260
248
194
235
250
215
222
213
209
232
239
229
201
188
210
217
189
235
225
217
217
226
217
240
265
256
257
240
229
245
235
233
251
236
212
209
196
208
229
228
200
192
201
203
175
204
205
203
199
221
206
222
199
211
218
198
212
203
240
211
173
193
195
182
212
219
232
229
198
198
206
201
197
207
222
233
186
200
206
207
211
232
204
212
196
210
204
197
201
199
228
180
190
213
205
192
208
205
203
211
214
188
193
196
221
220
197
189
203
214
185
201
197
182
178
187
195
200
197
215
176
199
192
199
203
178
184
203
194
209
183
206
190
183
167
184
210
174
172
184
165
150
187
163
198
196
180
175
192
196
174
154
170
181
179
196
176
202
189
212
229
214
171
189
185
183
181
201
183
181
165
203
175
180
190
149
204
177
192
176
167
176
169
165
180
201
163
154
172
152
167
166
189
167
156
172
168
173
143
149
171
183
174
179
190
171
190
185
144
154
170
160
165
173
177
195
169
154
198
156
173
186
154
147
160
166
141
188
176
156
183
163
179
166
190
167
174
160
158
145
169
164
159
177
162
166
168
136
173
165
165
161
164
156
168
157
158
149
147
159
163
152
143
141
173
163
161
159
133
166
135
159
170
137
147
172
147
137
147
164
133
154
150
133
146
175
150
171
139
168
157
155
174
142
180
160
164
141
167
150
163
152
150
161
165
172
160
142
158
145
148
163
136
164
147
137
137
145
186
162
249
275
349
475
507
571
554
584
604
572
504
455
387
291
260
184
157
179
169
179
180
188
197
187
222
186
179
157
170
177
155
150
132
131
112
125
125
109
133
124
141
123
111
116
126
123
112
127
115
137
106
121
127
141
120
125
140
124
133
141
134
136
140
126
144
131
139
134
120
120
104
127
110
121
119
101
136
121
113
117
154
135
138
107
116
114
125
106
130
110
116
114
117
100
111
114
113
108
128
115
115
125
107
113
102
120
112
107
121
117
121
116
128
101
103
86
95
116
110
131
109
114
146
109
105
104
126
117
124
106
125
123
115
113
91
114
106
124
121
98
96
100
107
137
114
103
89
100
97
101
122
113
102
115
99
115
112
108
106
102
102
111
114
108
135
95
112
110
116
118
91
94
98
112
109
103
113
115
103
92
119
95
105
111
137
125
123
118
128
109
116
106
122
113
91
105
96
102
96
92
93
110
85
104
80
119
98
97
104
96
100
94
94
98
99
97
115
111
100
85
112
91
110
120
131
118
128
131
134
117
118
104
107
102
108
104
81
101
95
102
99
92
86
89
76
97
94
103
87
79
96
78
89
89
101
87
83
81
100
95
101
79
86
88
96
86
84
95
101
87
107
99
81
107
87
89
86
100
95
83
73
93
81
89
93
93
89
91
104
90
102
85
79
94
101
81
85
86
86
74
79
78
92
88
90
97
81
102
88
103
90
90
93
72
90
84
92
90
86
93
70
86
92
104
113
112
152
155
149
172
151
135
136
129
131
127
94
85
72
74
82
88
69
87
85
87
88
75
71
75
113
84
78
98
106
107
127
98
101
108
112
96
83
97
75
92
80
70
78
95
70
89
88
80
91
84
73
79
79
74
76
88
73
79
77
71
70
68
72
69
100
72
69
78
88
66
76
89
75
76
84
80
66
80
51
62
72
67
60
63
68
70
76
72
77
80
82
79
84
65
73
75
79
68
70
77
72
74
73
71
69
62
64
75
67
73
64
78
67
62
76
83
71
81
83
73
68
74
76
59
71
61
69
88
65
72
83
70
67
73
71
67
66
72
74
83
75
74
69
57
64
70
48
73
74
66
65
77
78
71
86
68
62
51
70
71
75
72
72
72
62
73
58
93
83
68
69
73
51
52
61
79
59
71
76
66
68
58
69
81
89
75
77
88
85
85
85
79
75
80
82
75
87
91
73
69
71
79
70
68
67
72
53
66
54
64
80
63
70
73
58
68
71
74
77
67
63
74
61
62
69
59
60
73
53
72
60
61
54
76
65
60
74
67
58
63
67
51
69
99
92
91
93
97
116
107
112
107
109
96
87
101
80
72
75
62
57
63
63
50
60
88
56
59
55
67
63
70
61
56
76
58
57
62
59
53
70
54
69
62
78
65
59
61
65
80
63
69
47
53
78
54
60
75
69
59
47
57
59
62
60
62
55
63
76
62
50
54
66
66
65
53
55
63
66
69
90
102
133
157
165
162
196
194
164
179
172
144
136
97
87
68
64
55
62
62
62
58
59
46
55
56
65
56
50
43
62
59
55
63
56
52
53
44
62
58
61
59
54
65
52
75
58
57
47
64
54
65
60
56
52
61
62
57
49
58
48
48
61
55
48
48
57
48
49
61
48
44
39
53
42
58
46
50
58
38
59
47
53
47
60
49
50
50
55
58
41
65
58
43
45
51
47
49
54
65
69
54
64
60
53
47
51
51
58
58
66
56
59
52
55
52
60
62
45
44
49
52
53
55
42
53
56
55
52
50
49
51
60
55
46
46
43
50
59
49
56
52
48
49
50
52
44
44
53
48
43
66
54
42
53
46
58
59
50
44
44
36
48
53
55
50
43
46
49
53
56
54
51
59
53
66
63
45
44
51
36
59
59
53
48
55
44
59
49
50
46
38
43
52
48
43
46
56
53
53
54
47
59
38
49
56
58
50
46
44
49
48
52
43
47
45
53
50
31
56
33
45
45
36
48
49
47
41
46
50
56
45
51
50
53
60
61
46
45
51
45
49
51
51
54
44
57
54
47
48
48
45
47
40
44
46
49
50
42
41
40
53
48
47
48
54
45
40
62
40
44
41
62
53
44
52
49
58
41
51
49
58
46
38
50
47
51
37
39
50
38
46
40
49
50
44
43
46
63
61
44
49
49
43
53
45
47
50
58
40
42
47
38
51
38
41
50
44
51
41
45
36
54
35
51
53
53
39
44
46
43
49
37
57
56
48
47
47
35
49
61
46
46
52
52
43
52
48
48
48
53
43
43
43
41
53
50
34
39
42
36
48
51
48
37
31
41
45
41
46
56
42
43
31
42
50
36
36
42
54
37
42
45
42
44
47
50
34
44
46
31
37
34
59
40
44
38
27
39
39
36
46
41
39
40
33
46
36
40
30
47
37
33
43
40
45
38
27
47
31
29
39
42
37
41
37
54
47
39
29
48
45
42
50
30
29
44
39
40
32
36
39
42
31
37
37
43
40
42
36
35
40
51
45
38
45
28
42
31
45
39
41
33
35
48
36
41
48
44
44
41
42
34
45
41
38
47
42
51
47
41
36
51
45
32
35
42
46
44
41
39
47
39
36
39
35
37
44
42
46
35
40
29
52
45
40
30
40
41
38
45
35
34
39
28
41
36
35
38
41
31
32
24
34
38
39
33
39
42
39
35
42
37
30
27
37
41
34
29
34
35
40
33
36
29
41
35
46
38
31
35
45
37
31
25
36
42
39
24
41
37
24
48
34
37
46
34
36
42
33
33
42
32
43
30
38
34
35
44
37
28
44
48
38
40
32
36
30
46
41
40
43
48
35
40
42
29
45
35
35
32
31
41
31
44
39
33
30
38
40
39
34
40
27
38
35
25
28
38
40
36
27
27
43
32
32
36
28
39
44
31
33
33
46
46
51
52
41
52
43
49
51
52
40
40
46
36
39
30
34
32
32
36
41
29
42
34
41
20
26
32
38
38
33
35
26
41
35
37
30
23
34
26
30
37
44
27
34
44
33
39
46
35
36
31
32
37
26
36
36
40
31
35
33
33
34
36
24
34
33
32
37
33
42
35
32
40
25
32
31
32
27
32
43
37
30
21
35
32
29
35
36
38
40
37
42
29
33
31
38
32
38
37
33
40
31
30
41
24
33
29
33
41
31
28
31
37
36
39
33
31
32
23
35
35
29
31
39
25
31
19
36
35
17
39
32
35
37
23
37
23
42
34
27
36
27
31
28
30
31
36
37
42
42
29
29
38
26
41
31
29
40
26
31
38
32
33
27
27
24
30
36
32
31
26
42
34
32
30
33
40
31
31
33
34
32
32
31
30
19
24
34
29
22
30
38
35
28
30
21
39
33
29
33
25
27
26
26
30
22
24
33
28
24
23
32
24
18
28
37
25
27
24
36
31
31
37
28
30
25
41
33
39
33
26
25
33
36
31
32
28
23
26
38
29
34
27
37
35
27
34
34
29
34
29
32
40
36
24
31
29
40
36
25
29
25
39
49
31
38
45
39
38
38
46
56
57
63
71
85
89
102
79
110
85
95
92
81
71
66
58
59
42
54
38
40
35
45
34
21
28
38
31
18
26
20
26
26
35
18
28
30
38
24
29
30
19
20
34
31
25
24
34
36
30
36
24
27
27
34
30
20
32
32
30
24
23
24
32
26
23
30
38
28
21
28
28
23
29
31
25
26
30
22
37
19
20
23
29
31
28
26
25
24
26
22
24
21
19
36
25
25
38
21
32
22
17
23
22
29
19
23
23
27
33
31
28
34
22
27
19
26
26
24
29
27
23
27
24
28
21
36
36
36
34
24
26
31
30
28
30
33
15
21
26
29
17
31
22
41
18
20
23
28
27
31
27
19
32
25
21
35
23
29
34
31
26
28
27
22
28
30
34
35
34
26
24
30
38
24
24
33
29
30
22
26
21
33
28
31
17
36
20
39
28
29
25
26
30
27
28
33
29
18
30
29
22
26
24
36
26
31
25
26
21
28
28
21
32
41
38
18
18
28
27
28
21
20
25
29
24
25
23
31
25
28
21
27
30
24
20
28
23
22
23
33
27
33
23
26
24
22
21
26
26
24
16
18
26
23
38
26
25
25
24
24
17
16
24
25
20
22
37
34
22
32
22
26
22
25
28
22
27
28
27
35
27
27
21
31
21
25
24
24
25
27
26
26
27
27
32
23
28
29
35
33
31
22
30
21
23
31
30
33
35
31
23
24
27
25
32
21
30
20
29
17
25
24
25
17
23
25
27
19
26
31
25
20
21
25
27
30
21
25
24
17
25
29
29
22
20
18
19
18
23
24
23
24
21
27
26
24
24
20
31
24
20
23
25
25
31
27
21
21
25
25
20
23
23
26
25
29
22
20
28
18
23
21
16
19
18
28
15
23
26
28
37
28
20
24
19
25
20
18
20
29
28
28
26
27
24
28
33
27
36
33
47
46
85
107
119
150
146
150
188
201
205
176
174
152
124
95
86
48
46
32
28
22
33
18
19
19
23
19
22
19
22
31
37
23
15
19
26
23
27
22
22
27
28
25
20
23
21
17
22
20
26
29
24
15
27
29
23
29
20
24
18
15
29
27
28
20
27
26
23
17
27
20
18
18
21
20
12
20
22
19
16
19
21
17
14
23
26
19
26
22
26
24
23
24
19
15
25
26
26
23
31
19
32
16
28
18
23
18
25
17
23
20
19
20
17
22
20
23
20
20
20
33
19
23
31
22
28
15
24
19
18
15
13
24
21
21
22
23
26
34
22
16
19
23
22
24
20
35
34
36
52
53
72
83
113
138
121
130
146
130
117
126
94
88
54
51
46
29
23
22
21
12
22
14
24
25
15
13
14
15
13
21
22
24
18
18
28
22
21
19
20
27
23
18
27
23
23
21
24
22
19
26
24
13
21
17
16
17
24
19
12
13
24
20
21
14
22
21
19
18
18
17
17
21
20
25
13
23
20
16
19
25
20
17
21
12
13
19
28
20
16
25
21
22
24
13
20
18
25
16
20
26
22
24
19
24
20
23
14
19
22
23
19
15
18
16
24
11
22
27
20
28
19
27
27
17
17
27
14
14
17
17
20
13
26
20
15
26
17
18
14
14
19
25
21
22
19
13
17
18
15
19
12
25
24
17
21
29
12
18
12
24
19
20
16
17
25
15
14
29
22
19
25
19
14
29
18
20
19
15
17
27
20
13
24
22
21
24
11
15
17
15
15
21
17
18
22
22
24
15
11
19
24
16
19
26
25
23
25
15
26
25
21
15
17
23
19
15
24
18
20
17
11
18
21
19
24
16
19
15
25
7
16
19
15
18
18
18
14
24
18
16
21
22
22
18
24
15
25
21
25
15
14
13
15
22
20
22
21
15
17
17
10
18
13
20
14
21
9
19
22
21
23
19
22
32
22
13
22
19
20
13
10
15
23
14
17
16
17
15
15
23
24
27
17
19
22
19
13
23
18
24
18
13
18
19
17
26
21
21
21
23
18
20
22
19
19
29
22
18
16
17
24
19
28
19
27
21
26
31
23
24
23
13
24
21
25
21
24
19
13
16
20
17
19
16
17
9
23
15
20
26
18
28
10
17
19
19
21
14
24
22
16
16
15
22
24
17
22
26
16
24
15
23
17
23
18
24
18
18
19
18
18
25
18
17
18
16
17
15
18
15
22
19
20
18
17
18
23
14
18
13
16
26
13
28
15
18
16
12
19
15
18
19
18
11
20
17
20
9
25
13
19
20
21
13
15
11
15
16
22
17
13
14
9
12
20
18
16
20
13
16
19
19
18
15
16
22
10
27
19
24
20
19
7
20
18
22
19
18
14
13
16
22
14
18
11
24
17
18
14
11
16
24
21
12
18
17
23
17
21
14
24
20
19
11
13
19
23
21
16
17
19
19
22
17
14
18
15
11
15
14
9
19
19
23
22
19
17
14
16
22
14
20
23
12
16
22
20
20
10
17
10
18
22
14
19
17
20
20
12
17
19
12
24
18
24
15
25
17
16
21
18
19
18
21
21
22
14
17
15
12
17
24
19
22
17
19
17
20
21
14
18
17
18
20
20
18
19
21
21
18
9
17
23
23
14
17
16
15
19
15
16
19
21
16
22
11
19
17
24
12
13
17
21
15
20
16
15
17
19
14
20
15
13
12
18
13
19
13
21
15
23
20
13
11
24
19
12
16
11
12
18
17
15
11
11
13
12
21
18
19
20
14
16
20
16
13
17
17
17
16
18
10
19
12
19
22
11
16
9
14
17
26
16
12
24
20
17
18
18
15
14
12
11
14
16
26
18
20
16
20
28
34
26
40
49
50
44
51
62
47
55
36
37
38
28
19
25
22
12
13
17
23
14
23
13
19
15
13
12
13
5
10
16
19
14
15
21
9
14
12
8
16
11
14
18
17
24
17
13
23
14
17
14
23
21
28
14
13
19
24
13
15
13
11
13
11
20
13
21
17
14
15
12
14
9
14
19
10
16
23
15
17
19
16
14
9
17
14
25
18
22
19
15
10
19
24
10
16
15
14
15
22
11
20
14
15
11
18
8
19
21
12
19
11
15
17
14
10
14
15
16
19
19
14
20
14
17
18
16
10
12
10
18
17
19
17
9
14
15
8
16
21
15
15
15
16
12
10
13
22
15
13
14
16
9
12
14
15
20
13
19
11
26
21
16
19
19
25
18
18
21
20
16
19
16
15
17
12
19
26
19
15
13
19
20
10
9
17
7
22
23
16
12
16
11
11
9
22
27
18
16
15
10
14
16
18
20
16
18
22
9
17
20
28
26
15
18
11
20
16
23
11
18
9
13
16
12
14
17
15
17
13
18
19
16
20
16
22
21
26
20
35
27
18
27
34
25
21
26
17
17
17
23
18
13
9
13
15
14
18
21
31
18
14
14
14
22
15
21
20
22
19
9
15
10
14
21
15
13
24
14
17
16
14
22
15
13
11
15
15
17
12
9
11
15
20
16
16
14
14
14
13
15
10
23
20
10
12
13
17
10
8
17
22
15
14
14
18
13
16
15
18
12
16
13
16
16
11
6
15
16
16
9
18
19
21
21
17
17
18
14
22
31
20
16
23
24
19
19
11
19
9
13
19
9
14
21
8
10
13
13
14
22
19
13
10
15
19
18
16
13
15
17
14
18
15
12
17
14
19
13
14
15
16
19
15
21
20
18
16
32
26
18
20
27
22
20
28
16
20
18
18
16
17
19
13
13
14
12
14
16
8
13
19
16
11
12
11
8
17
14
13
14
15
12
9
14
17
8
15
14
10
15
12
12
10
15
9
12
11
14
10
15
12
11
4
18
11
13
11
11
17
19
16
20
21
19
12
10
20
8
19
10
15
15
9
14
20
14
16
18
14
15
11
17
10
20
14
7
9
10
7
15
14
15
18
14
15
15
11
9
16
8
14
6
12
11
13
18
15
7
11
11
6
9
12
14
15
13
15
10
10
11
15
14
9
13
13
3
16
9
15
12
11
13
13
7
16
11
12
15
13
9
12
17
9
13
16
11
8
16
11
11
12
11
16
6
16
15
16
16
15
13
16
12
14
7
17
16
13
17
11
19
17
22
8
9
10
16
12
14
15
22
12
12
6
18
11
9
17
17
8
10
18
10
21
16
7
20
15
17
14
14
15
15
22
14
12
10
12
19
12
12
16
14
12
9
13
15
19
14
13
12
10
5
14
15
14
17
20
19
15
17
10
15
21
17
19
17
16
10
21
13
14
13
12
14
12
15
18
4
9
22
15
9
14
17
13
13
14
14
11
17
20
16
11
16
10
12
12
13
15
12
7
10
9
12
11
11
8
17
11
10
8
14
14
17
16
16
17
11
12
14
17
14
13
12
9
10
6
11
10
11
13
12
11
16
6
20
13
14
11
10
15
8
12
14
11
24
20
16
13
11
18
9
14
13
9
17
20
13
16
10
13
13
17
6
8
10
10
13
15
9
17
7
15
8
15
5
8
14
14
13
18
11
11
13
12
10
10
7
11
14
11
11
21
16
13
15
13
17
23
25
30
32
27
36
29
35
31
22
25
19
20
23
22
15
11
15
11
11
17
12
7
11
16
15
15
13
9
11
15
16
17
19
13
11
14
7
14
13
14
16
9
14
12
12
8
15
12
6
15
12
6
8
14
13
11
13
12
12
10
10
12
10
14
8
15
13
5
16
15
12
14
16
15
16
9
16
14
7
13
18
14
15
11
17
9
9
11
11
14
7
15
12
8
10
16
12
9
14
16
14
10
12
12
7
13
25
11
8
10
8
18
17
10
18
12
15
15
9
15
10
10
11
10
14
12
9
17
15
11
16
16
8
14
12
7
7
13
12
10
12
18
14
14
12
11
8
8
18
16
14
11
11
11
9
14
15
14
15
17
11
12
16
15
18
12
15
12
10
15
13
13
10
15
17
11
14
13
12
17
12
10
10
13
14
8
11
21
13
12
14
23
10
13
14
21
12
17
10
13
12
9
10
14
13
13
16
8
14
11
10
8
5
14
12
17
10
16
12
14
15
11
12
17
13
11
11
8
7
12
13
14
15
15
13
13
11
16
18
7
11
13
13
12
13
9
26
16
12
11
12
5
9
14
11
9
13
15
13
10
10
5
16
11
14
10
8
12
16
16
12
15
12
10
9
11
9
17
15
9
16
20
18
24
24
18
37
40
52
54
64
72
62
66
65
53
60
47
47
38
34
32
21
18
18
17
9
14
11
15
11
17
4
7
10
9
8
17
14
14
11
13
13
15
10
11
8
9
9
13
17
9
6
8
13
16
15
13
10
16
10
17
12
8
8
9
12
9
11
9
8
15
5
13
16
13
7
15
11
14
14
13
17
11
15
8
6
8
6
6
10
11
11
14
14
14
9
9
8
24
12
10
11
12
8
9
15
8
12
9
13
13
8
13
8
10
12
11
11
9
11
12
7
10
11
12
6
13
12
9
17
6
6
15
12
11
21
16
21
23
20
16
17
22
6
21
9
16
16
19
20
16
9
13
7
12
15
11
14
14
11
6
7
7
12
12
10
7
10
14
15
7
11
13
8
11
13
12
11
17
16
11
15
19
16
8
14
10
8
8
11
11
13
14
11
11
11
10
15
14
12
8
13
13
15
17
10
9
11
18
7
10
12
10
13
11
6
13
11
9
13
10
12
12
15
12
16
12
10
14
11
10
9
5
13
9
10
15
6
15
13
7
18
21
8
11
8
11
16
10
15
15
15
7
12
4
6
9
12
8
8
11
16
6
15
7
16
13
13
14
7
8
7
9
13
6
16
15
11
7
10
6
10
9
11
11
14
10
14
11
8
19
9
15
10
10
9
8
8
11
10
8
9
7
11
14
18
14
6
15
17
19
17
19
24
15
29
22
20
28
25
23
26
19
19
19
16
6
11
17
15
16
19
25
20
28
33
41
33
49
53
55
48
38
52
39
27
26
25
29
18
15
11
17
12
12
7
11
15
10
8
14
13
12
8
12
16
7
11
9
12
10
5
13
9
8
12
9
9
11
12
8
17
17
11
7
13
3
11
5
13
11
17
6
7
6
8
7
11
11
7
2
14
8
11
8
12
20
12
10
4
8
4
9
6
10
13
13
13
12
10
15
7
13
15
13
14
16
10
10
15
11
8
13
12
6
10
10
9
8
10
6
11
9
6
12
12
12
10
8
11
10
12
8
14
16
10
12
7
11
10
14
10
8
12
14
10
12
14
12
7
15
13
12
9
5
15
5
7
13
9
12
10
5
15
9
7
12
7
12
8
6
9
9
10
16
12
9
16
9
9
6
10
11
12
15
13
7
10
10
16
11
15
11
18
8
12
9
7
13
5
8
9
10
7
9
5
11
13
16
11
14
5
11
13
8
6
6
14
7
12
5
10
4
9
9
6
11
7
8
10
8
10
13
10
9
9
7
11
10
11
10
11
10
21
6
8
13
7
12
10
13
8
4
10
11
16
9
12
7
10
6
9
13
11
10
16
7
6
12
4
10
11
4
15
6
8
6
10
16
15
12
8
9
12
13
8
8
8
10
14
11
4
11
8
2
7
13
8
10
16
8
12
10
7
8
14
17
10
10
14
6
9
6
6
14
10
8
7
10
9
7
7
15
6
10
13
12
12
8
12
14
9
7
11
10
10
10
8
12
11
8
13
4
12
11
7
10
8
6
6
10
11
10
11
11
6
10
4
10
6
4
16
12
15
8
9
17
11
6
12
15
8
5
6
6
14
10
14
6
10
14
10
13
15
14
10
12
13
15
11
8
13
9
12
8
8
9
10
16
9
19
12
9
11
11
11
12
15
10
11
6
9
7
8
9
11
8
6
6
11
12
10
7
14
12
22
15
13
11
9
8
7
13
14
9
9
6
6
9
11
15
7
13
8
12
12
10
8
10
4
11
10
10
6
10
11
11
10
6
7
4
9
6
6
15
16
7
7
13
9
9
15
7
9
13
9
10
8
14
10
9
7
7
9
8
4
9
10
9
10
10
11
13
12
8
11
8
9
5
16
14
15
9
9
11
9
12
9
10
11
5
9
9
12
12
13
13
14
13
10
8
12
8
5
10
8
11
5
12
11
10
11
13
9
12
9
2
7
11
7
6
10
18
12
10
18
14
8
2
7
8
14
10
14
14
11
6
5
12
15
9
10
10
9
12
13
7
12
6
5
10
9
7
13
6
6
7
9
4
4
16
10
12
12
16
4
8
8
7
8
19
11
11
7
10
14
9
7
7
10
12
14
9
8
9
7
7
10
8
12
7
13
8
5
7
10
11
9
3
5
10
7
8
8
13
11
5
10
12
13
11
6
9
11
3
6
3
17
10
12
13
14
11
17
13
11
11
13
10
9
5
11
6
6
12
12
14
8
4
9
13
14
11
8
9
12
10
9
6
11
17
12
12
9
8
6
10
13
4
9
12
16
5
11
14
13
11
8
9
13
17
12
12
14
10
14
8
14
11
7
9
9
6
8
15
11
10
3
7
5
9
9
12
16
7
6
12
10
9
15
8
11
10
9
8
7
12
13
8
6
12
8
14
5
9
13
12
15
5
11
5
11
13
10
9
14
7
10
13
9
10
11
4
11
3
12
8
14
9
13
9
9
7
7
5
4
5
9
13
10
19
12
8
14
11
8
20
11
11
10
7
10
11
6
2
9
13
11
11
10
10
12
5
5
11
8
23
10
11
9
13
6
8
9
8
4
3
7
15
13
12
14
6
9
9
18
11
10
5
7
10
8
11
9
10
18
10
13
10
12
5
10
12
9
10
16
12
10
12
8
11
10
7
11
9
15
8
12
6
8
14
13
11
10
6
7
6
3
5
12
10
16
13
12
9
11
14
15
12
12
20
22
20
21
25
25
24
30
37
43
33
35
44
33
29
18
31
23
20
20
16
16
12
16
13
14
5
13
16
11
14
11
8
12
12
9
8
4
20
7
8
10
10
17
7
6
9
12
14
8
9
17
11
8
11
7
7
10
12
12
6
7
13
17
10
15
5
11
6
8
6
13
5
9
11
10
11
9
17
8
10
14
14
14
9
6
14
8
12
8
16
9
10
11
16
11
5
7
6
9
13
12
13
11
7
9
14
8
10
6
5
9
10
8
5
12
7
6
6
12
8
12
11
16
8
5
8
10
7
11
8
17
6
16
8
19
13
8
15
14
7
8
12
12
16
17
13
5
6
13
4
8
14
11
11
9
10
7
6
9
15
5
10
7
10
13
5
10
9
13
10
9
6
9
10
11
14
12
12
13
7
10
12
7
8
15
13
13
7
8
14
11
10
17
14
17
10
14
10
12
7
13
11
9
11
11
6
9
9
9
12
7
10
9
10
15
9
8
12
12
10
8
10
15
11
5
10
7
7
13
8
7
11
8
8
9
11
5
11
12
14
8
11
8
6
9
11
6
6
11
11
17
9
11
15
8
8
9
16
13
11
10
8
8
17
10
9
9
11
12
14
10
9
11
11
8
9
12
6
8
13
15
10
9
7
8
7
16
11
11
9
11
22
8
12
5
7
10
9
14
14
15
25
21
19
21
23
27
27
24
28
29
38
35
16
25
21
19
16
29
15
13
15
13
15
9
9
9
5
18
15
12
5
13
9
10
8
7
10
7
11
6
8
10
9
10
11
7
12
4
6
11
11
10
12
12
7
13
17
9
10
10
10
3
12
12
6
5
9
11
5
12
11
8
9
13
8
8
7
4
11
4
7
11
7
13
8
7
17
10
10
13
10
8
10
11
12
13
8
14
16
13
11
14
11
7
8
7
9
16
10
6
7
6
9
8
13
6
11
8
10
10
11
11
10
11
16
11
10
8
13
11
10
9
9
12
7
12
10
11
11
10
12
3
16
17
4
10
6
8
9
17
8
11
14
13
17
12
11
9
9
5
12
9
14
8
7
15
13
6
11
9
5
14
15
8
10
8
9
12
14
15
11
14
13
10
12
9
11
14
11
13
9
10
3
7
13
17
8
4
8
12
8
13
8
20
14
10
12
10
13
13
10
7
12
8
7
13
12
10
11
7
6
8
14
7
10
7
11
12
5
8
8
11
11
11
9
12
4
14
10
10
7
15
5
9
8
15
15
18
12
9
6
7
13
7
17
9
9
10
13
12
5
5
14
7
5
13
9
15
12
13
14
7
10
7
12
6
8
11
7
8
5
5
18
13
14
8
13
10
13
11
8
12
7
9
8
10
9
12
11
10
14
9
9
12
9
12
10
14
8
11
12
9
15
10
7
13
7
8
8
9
12
10
9
8
6
10
14
13
16
11
2
10
7
13
13
6
7
9
16
12
13
9
13
14
8
7
8
8
17
9
17
10
9
8
10
17
12
10
9
10
15
10
11
11
14
10
8
18
14
14
18
16
19
10
19
21
21
20
19
27
17
15
14
18
11
15
8
7
7
7
11
10
9
12
13
9
11
15
10
10
12
8
5
8
12
10
9
6
7
8
8
5
12
10
12
12
8
11
9
5
11
13
10
9
10
8
7
11
4
9
8
12
10
10
5
5
7
9
10
2
10
5
5
9
8
2
7
8
6
11
9
8
4
7
5
6
14
7
6
6
8
13
11
10
13
8
8
5
9
7
9
11
9
9
10
6
6
3
13
8
7
5
12
6
8
8
7
9
2
9
5
10
5
9
8
5
6
7
6
2
2
10
4
3
7
8
9
6
10
11
7
9
8
10
6
6
12
8
5
10
7
4
9
12
4
3
6
8
3
13
9
3
7
6
12
9
10
10
6
5
9
9
8
11
4
7
4
7
4
9
6
7
5
3
11
11
7
10
5
7
3
2
1
9
8
11
9
2
6
8
8
4
7
9
3
5
12
7
5
6
11
9
11
12
12
8
13
8
8
11
5
10
5
7
6
12
5
8
9
6
8
7
13
6
8
8
8
5
8
8
6
8
10
7
6
9
7
9
12
7
6
7
12
6
6
11
11
11
8
9
4
10
8
4
6
4
5
6
9
6
12
8
10
7
11
4
3
8
8
10
10
2
7
5
8
3
13
4
4
8
11
8
7
2
5
4
8
8
7
8
4
6
7
4
4
5
2
5
3
8
9
7
7
4
6
7
6
12
5
5
6
9
9
6
1
8
6
9
12
11
10
10
8
9
4
6
5
6
10
5
2
5
7
9
8
10
2
6
5
9
2
6
6
5
6
8
5
5
5
4
9
6
11
4
4
5
3
8
7
11
8
9
4
6
7
4
6
6
6
8
7
7
7
5
9
8
7
6
5
4
5
7
8
6
4
4
6
6
6
6
8
5
6
5
8
3
10
7
6
7
4
8
7
10
6
7
6
4
5
6
2
5
7
8
4
6
7
9
7
9
3
13
2
4
3
7
7
7
3
3
9
3
3
9
6
11
6
7
8
4
6
6
4
7
7
4
7
4
8
5
6
7
5
4
7
6
6
6
6
5
2
6
3
2
6
7
4
5
2
7
2
4
5
5
4
4
6
3
6
3
6
10
4
6
5
2
5
4
7
4
5
3
9
3
9
6
9
3
2
4
2
8
5
6
4
12
7
3
8
5
4
9
6
6
3
8
6
8
13
11
14
12
15
10
20
22
17
29
27
27
34
21
24
22
22
16
15
13
10
4
16
8
6
6
0
8
5
3
4
1
5
4
8
8
8
5
1
2
4
4
6
1
5
4
3
2
3
3
4
7
9
5
6
4
6
3
6
3
8
4
4
5
8
7
5
6
6
2
7
5
3
7
2
7
8
5
4
3
5
7
3
6
4
5
5
4
2
5
2
3
5
3
8
5
3
6
2
8
5
6
1
3
3
3
7
6
4
8
3
3
3
5
4
4
8
3
2
2
0
8
6
4
2
6
5
7
7
6
5
2
7
8
6
5
4
5
3
5
5
6
6
8
3
6
6
5
3
9
5
3
3
2
3
6
5
5
3
7
3
2
4
2
8
5
4
4
4
3
3
8
9
6
6
5
2
6
6
6
2
5
3
5
2
8
7
5
4
0
3
3
4
4
5
6
3
5
1
6
0
1
5
6
2
2
5
4
0
1
6
4
4
5
5
1
2
6
7
3
7
6
8
5
8
3
5
4
3
7
12
1
2
2
2
3
1
3
6
7
5
3
8
8
5
3
11
1
6
4
5
5
2
5
8
2
6
8
5
8
9
12
6
9
15
10
10
18
11
14
10
5
11
5
5
7
2
4
4
3
4
6
4
3
3
2
3
3
2
4
3
3
3
3
0
4
4
1
3
3
6
7
8
2
2
7
3
5
3
4
7
4
2
4
1
3
2
1
5
6
5
3
3
8
5
6
1
4
9
5
1
7
4
3
6
1
2
4
4
3
3
6
2
3
1
5
5
2
7
4
5
5
4
4
5
2
2
3
3
5
4
11
6
2
4
4
7
3
7
3
4
6
3
6
2
4
3
1
6
2
4
3
4
6
3
5
3
2
3
2
3
1
2
6
1
8
7
6
6
5
3
3
7
8
8
5
4
5
4
3
14
2
2
4
7
2
2
7
4
1
3
2
8
5
3
2
2
6
7
5
6
6
6
4
169
151
155
145
146
150
154
138
152
156
131
143
141
154
151
144
139
128
150
148
132
149
144
134
139
138
135
159
137
141
147
126
143
132
158
121
144
147
138
149
153
145
126
137
134
147
119
142
124
132
122
145
151
140
156
121
119
153
124
124
134
122
156
157
166
155
145
146
150
139
133
134
138
127
133
148
133
153
139
150
123
140
126
130
143
151
131
129
143
148
127
165
134
125
127
143
126
135
149
130
138
128
126
160
134
124
144
146
159
147
124
137
122
144
141
123
149
149
149
132
133
131
126
136
140
116
149
67
